0.562440	0.025602	0.041401	0.050721	0.005650	-0.005311	0.028321	0.064113	0.001796	0.069567	0.026945	0.029487	0.039291	0.034780	-0.017840	-0.025436	-0.019337	-0.011658	-0.011797	-0.033583	-0.021252	-0.027866	-0.021537	-0.036453	-0.020230	-0.025267	-0.021669	-0.023884	-0.011596	-0.014716	-0.008506	-0.027054	-0.035742	-0.017891	-0.021191	-0.020604	-0.019436	-0.040650	-0.029276	-0.017515	-0.029989	-0.019723	-0.036542	-0.031917	-0.027101	-0.019189	-0.031677	-0.013784	0.019322	-0.000128	0.005491	-0.004219	0.002608	-0.000038	0.003868	-0.002690	-0.011647	-0.004610	0.015084	0.006524	0.011892	0.003428	0.026093	0.002049	0.014309	0.010993	
0.025602	0.555059	0.019284	0.028752	-0.008033	0.001722	0.028844	0.014472	0.010013	0.023182	0.039453	0.032525	0.070296	0.051728	-0.024568	-0.019586	-0.025474	-0.013652	-0.017194	-0.023294	-0.021765	-0.023496	-0.013764	-0.027792	-0.014232	-0.014091	-0.010641	-0.007085	0.002244	-0.009311	-0.015530	-0.034374	-0.029893	-0.025655	-0.025108	-0.009280	-0.029124	-0.032433	-0.023279	-0.023355	-0.017333	-0.024084	-0.029509	-0.032283	-0.039453	-0.018223	-0.019317	-0.010450	0.006970	0.004094	0.006753	-0.002513	0.000466	0.002704	0.001874	0.002123	0.001305	-0.003347	0.011020	0.010154	0.015669	0.000251	0.015517	-0.001276	0.007136	0.008112	
0.041401	0.019284	0.572386	0.035377	0.002291	0.012046	0.028810	0.027904	0.008500	0.041054	0.024918	0.041222	0.017436	0.038968	-0.017055	-0.024059	-0.029946	-0.008210	-0.016192	-0.027471	-0.018248	-0.015095	-0.029334	-0.017615	-0.027287	-0.028478	-0.027839	-0.016441	-0.003856	-0.032872	-0.011865	-0.032336	-0.035993	-0.032940	-0.006941	-0.008721	-0.021907	-0.031579	-0.026864	-0.028272	-0.032312	-0.019974	-0.031615	-0.022550	-0.023653	-0.027727	-0.025270	-0.017438	0.004125	-0.000823	0.012638	-0.001215	-0.000159	-0.011091	0.001841	-0.015075	-0.001984	0.001798	0.022084	0.025510	0.022147	0.020638	0.022882	0.003574	0.031074	0.014589	
0.050721	0.028752	0.035377	0.544854	0.007468	0.004054	0.033099	0.050394	0.002726	0.065023	0.026099	0.029678	0.021429	0.036155	-0.030079	-0.025985	-0.015447	-0.016647	-0.014714	-0.029693	-0.028460	-0.027231	-0.022086	-0.043069	-0.015008	-0.017974	-0.016447	-0.021770	-0.002971	-0.014378	-0.011719	-0.027160	-0.027709	-0.025247	-0.035206	-0.015678	-0.019097	-0.035280	-0.033821	-0.011997	-0.019736	-0.006659	-0.037832	-0.024772	-0.026615	-0.027137	-0.025716	-0.016997	-0.004015	0.000359	0.010121	0.006625	-0.002529	0.003852	0.004502	0.010226	-0.009977	0.003720	0.014683	0.008343	0.007791	0.006726	0.015333	0.004016	0.012132	0.015031	
0.005650	-0.008033	0.002291	0.007468	0.547759	0.056349	-0.002798	0.008134	0.044663	-0.000912	0.006332	0.002807	0.002697	-0.001814	-0.028686	-0.023113	-0.022785	-0.009632	-0.017021	-0.031408	-0.018041	-0.019772	-0.022617	-0.031910	-0.010656	-0.014806	-0.027337	-0.009280	0.028756	-0.013578	-0.006183	-0.041009	-0.029128	-0.017048	-0.017833	-0.013102	-0.016669	-0.036403	-0.015559	-0.014304	-0.022635	-0.017252	-0.034960	-0.023380	-0.018416	-0.023673	-0.016185	-0.021671	0.018389	0.017288	0.021575	0.027846	0.024759	0.020041	0.011073	0.023160	0.022786	0.022129	0.003942	0.004556	0.012143	0.008710	0.008291	0.001413	0.006569	0.005917	
-0.005311	0.001722	0.012046	0.004054	0.056349	0.559257	0.000150	0.003980	0.074690	0.001740	0.005284	-0.002235	0.002242	0.000247	-0.025590	-0.020017	-0.024128	-0.010827	-0.019992	-0.030532	-0.024563	-0.018304	-0.026772	-0.033549	-0.021765	-0.021328	-0.028976	-0.014914	0.019719	-0.022319	-0.002199	-0.032585	-0.032987	-0.022682	-0.016660	-0.010006	-0.025115	-0.033011	-0.017790	-0.025857	-0.025754	-0.021111	-0.041778	-0.018360	-0.019463	-0.018949	-0.019156	-0.018279	0.026664	0.017573	0.032958	0.035381	0.033182	0.012928	0.018017	0.025220	0.022035	0.019454	0.005262	0.000845	0.005621	0.000709	0.014643	0.004509	0.011589	0.004426	
0.028321	0.028844	0.028810	0.033099	-0.002798	0.000150	0.547293	0.022815	0.014804	0.030489	0.046020	0.045455	0.032619	0.047789	-0.028803	-0.020270	-0.012100	-0.025137	-0.017730	-0.009921	-0.019786	-0.018113	-0.008085	-0.037206	-0.018171	-0.017734	-0.020203	-0.023454	-0.008946	-0.012510	-0.016362	-0.042753	-0.024362	-0.015537	-0.026088	-0.015438	-0.016786	-0.037112	-0.021299	-0.012497	-0.014169	-0.016925	-0.035520	-0.029563	-0.032886	-0.019055	-0.023700	-0.021492	-0.000520	0.013472	-0.005473	-0.000090	-0.008208	0.001872	0.012437	0.005139	0.000177	0.003368	0.008264	0.000444	0.012766	0.002971	0.004031	0.012098	0.013259	0.013643	
0.064113	0.014472	0.027904	0.050394	0.008134	0.003980	0.022815	0.525321	-0.002971	0.053259	0.024546	0.033747	0.032009	0.036525	-0.031632	-0.029462	-0.017001	-0.009766	-0.016268	-0.028583	-0.018176	-0.019019	-0.022456	-0.020651	-0.015082	-0.017160	-0.029839	-0.025987	-0.001121	-0.020963	-0.013421	-0.025606	-0.035478	-0.015703	-0.010865	-0.012645	-0.024646	-0.026032	-0.032711	-0.027756	-0.030612	-0.013983	-0.031543	-0.029137	-0.017367	-0.020700	-0.031117	-0.035863	0.006861	-0.004746	0.018185	0.002704	0.004056	0.004518	-0.003119	0.008080	0.008890	0.001870	0.000848	0.010044	0.015560	0.016566	0.010376	0.016815	0.009394	-0.000137	
0.001796	0.010013	0.008500	0.002726	0.044663	0.074690	0.014804	-0.002971	0.540926	-0.002399	0.004845	0.004872	0.007870	-0.007591	-0.022478	-0.020012	-0.009179	-0.012302	-0.010813	-0.027420	-0.028850	-0.012232	-0.017297	-0.027330	-0.014214	-0.020140	-0.023792	-0.012394	0.030969	-0.012696	-0.009741	-0.036280	-0.025732	-0.007289	-0.011773	-0.004527	-0.029846	-0.035078	-0.019561	-0.018158	-0.017315	-0.017259	-0.031267	-0.022794	-0.018571	-0.019389	-0.023442	-0.013096	0.010392	0.018909	0.023936	0.015705	0.008623	0.020627	0.012694	0.014719	0.020559	0.023454	0.001567	-0.001074	-0.001181	-0.003134	-0.001926	0.001702	0.005971	-0.002524	
0.069567	0.023182	0.041054	0.065023	-0.000912	0.001740	0.030489	0.053259	-0.002399	0.546549	0.020826	0.040533	0.031989	0.031030	-0.017891	-0.025339	-0.009623	-0.023400	-0.024427	-0.024756	-0.017160	-0.028213	-0.032538	-0.031029	-0.010071	-0.021472	-0.024828	-0.019644	-0.007504	-0.024830	-0.017140	-0.034209	-0.032538	-0.028301	-0.023907	-0.026131	-0.012533	-0.021761	-0.016602	-0.024521	-0.029005	-0.013856	-0.027124	-0.016876	-0.023602	-0.022940	-0.029213	-0.014575	0.006249	-0.000179	-0.008766	0.000316	0.000188	0.003758	0.003520	0.003177	-0.014214	0.005845	0.011777	0.006473	0.012728	0.009591	0.016423	0.006733	0.006562	0.008721	
0.026945	0.039453	0.024918	0.026099	0.006332	0.005284	0.046020	0.024546	0.004845	0.020826	0.532908	0.044078	0.018369	0.041973	-0.030476	-0.024014	-0.013329	-0.011865	-0.023398	-0.023875	-0.021902	-0.027184	-0.022039	-0.034735	-0.026207	-0.008309	-0.016992	-0.017136	-0.001296	-0.008412	-0.012856	-0.034955	-0.042607	-0.020169	-0.015923	-0.004533	-0.017867	-0.043668	-0.023268	-0.015057	-0.027976	-0.013862	-0.036897	-0.018658	-0.028343	-0.035377	-0.020786	-0.019021	0.013492	0.002625	0.006024	0.001493	0.003585	-0.001280	0.003217	0.000803	0.010194	0.003175	0.009847	0.008982	0.018936	0.005441	0.024555	0.015456	0.013362	0.006939	
0.029487	0.032525	0.041222	0.029678	0.002807	-0.002235	0.045455	0.033747	0.004872	0.040533	0.044078	0.554620	0.038964	0.067007	-0.025566	-0.020436	-0.017297	-0.013613	-0.016268	-0.026364	-0.016548	-0.013988	-0.038289	-0.031897	-0.007979	-0.013017	-0.025696	-0.013705	0.001099	-0.004242	-0.015640	-0.051797	-0.037549	-0.011708	-0.026698	-0.011017	-0.023463	-0.030027	-0.023685	-0.017250	-0.006937	-0.003033	-0.035390	-0.028989	-0.033792	-0.027063	-0.028157	-0.022694	-0.004829	-0.008890	0.007235	0.001668	-0.002603	0.001410	0.006944	-0.001686	0.000899	0.005717	0.008098	0.001166	0.000170	-0.005482	0.006677	-0.001090	0.003327	0.014513	
0.039291	0.070296	0.017436	0.021429	0.002697	0.002242	0.032619	0.032009	0.007870	0.031989	0.018369	0.038964	0.544414	0.036415	-0.020348	-0.020694	-0.021698	-0.014463	-0.006020	-0.030321	-0.022873	-0.017205	-0.024489	-0.033931	-0.014452	-0.019934	-0.022846	-0.007008	0.001877	-0.017373	-0.015898	-0.038293	-0.033220	-0.010634	-0.018373	-0.015418	-0.031119	-0.023478	-0.019947	-0.025498	-0.037677	-0.014389	-0.028249	-0.025400	-0.023395	-0.020810	-0.023680	-0.020140	0.005567	-0.004560	0.003278	-0.002289	0.005278	0.008403	-0.001157	0.001756	-0.003502	0.005755	0.010356	0.007863	0.016486	0.001363	0.015741	0.009603	-0.000186	0.013811	
0.034780	0.051728	0.038968	0.036155	-0.001814	0.000247	0.047789	0.036525	-0.007591	0.031030	0.041973	0.067007	0.036415	0.559517	-0.042764	-0.020322	-0.017183	-0.020158	-0.022664	-0.022846	-0.023537	-0.015945	-0.021306	-0.026456	-0.026066	-0.016158	-0.012264	-0.021582	-0.000267	-0.017889	-0.025292	-0.042213	-0.035511	-0.003899	-0.010602	-0.024664	-0.016246	-0.035536	-0.033632	-0.021871	-0.023543	-0.006470	-0.032020	-0.023844	-0.027462	-0.025913	-0.038105	-0.024207	0.000316	0.007946	0.004390	-0.013015	-0.005448	0.014398	-0.004632	0.007307	0.008264	0.009235	0.004069	0.000836	0.012419	0.012389	0.002500	0.010123	0.005809	0.008560	
-0.017840	-0.024568	-0.017055	-0.030079	-0.028686	-0.025590	-0.028803	-0.031632	-0.022478	-0.017891	-0.030476	-0.025566	-0.020348	-0.042764	0.632848	0.089829	-0.014757	-0.004414	-0.008993	-0.019680	-0.005278	-0.013667	-0.020212	0.035159	-0.008546	-0.020095	-0.016793	0.005408	-0.016929	0.001406	-0.013692	0.040415	0.023440	-0.010055	-0.020458	-0.002854	-0.004201	0.034218	0.027243	-0.001836	-0.010611	-0.015438	0.032554	0.078168	0.071886	0.074027	0.080775	0.080764	-0.018566	-0.019371	-0.022187	-0.024794	-0.021223	-0.029343	-0.011528	-0.029776	-0.018757	-0.017046	-0.018660	-0.026332	-0.016970	-0.030020	-0.023929	-0.035838	-0.018400	-0.016685	
-0.025436	-0.019586	-0.024059	-0.025985	-0.023113	-0.020017	-0.020270	-0.029462	-0.020012	-0.025339	-0.024014	-0.020436	-0.020694	-0.020322	0.089829	0.656623	-0.017174	-0.013046	-0.012001	-0.011887	-0.017165	-0.009425	-0.016710	0.015578	-0.015698	-0.030059	-0.001453	-0.009439	-0.025857	-0.015364	-0.016701	0.017577	0.016880	-0.011880	-0.011629	-0.012226	-0.002179	0.024106	0.013432	-0.010912	-0.012880	-0.015340	0.016968	0.090696	0.065917	0.071758	0.049208	0.141827	-0.027938	-0.010838	-0.023864	-0.020404	-0.028523	-0.025545	-0.013205	-0.026866	-0.017622	-0.012064	-0.028180	-0.007293	-0.021310	-0.004323	-0.025458	-0.017983	-0.019189	-0.003713	
-0.019337	-0.025474	-0.029946	-0.015447	-0.022785	-0.024128	-0.012100	-0.017001	-0.009179	-0.009623	-0.013329	-0.017297	-0.021698	-0.017183	-0.014757	-0.017174	0.623602	0.008589	0.019992	0.046150	0.049158	0.023012	0.020463	-0.028931	0.041450	0.004302	0.025214	0.012789	-0.010880	0.014853	0.003307	-0.030482	-0.023189	0.020557	0.004679	0.003047	0.031886	-0.035200	0.006509	0.046385	0.039829	0.032339	-0.026505	-0.015961	-0.018396	-0.021877	-0.014833	-0.013808	-0.008966	-0.003704	-0.012883	-0.013566	-0.017985	-0.017228	-0.013766	-0.008190	-0.008712	-0.018396	-0.022525	-0.022355	-0.012992	-0.017609	-0.010037	-0.008777	-0.007468	-0.014631	
-0.011658	-0.013652	-0.008210	-0.016647	-0.009632	-0.010827	-0.025137	-0.009766	-0.012302	-0.023400	-0.011865	-0.013613	-0.014463	-0.020158	-0.004414	-0.013046	0.008589	0.582403	0.011838	0.013728	0.016293	0.017373	0.020003	-0.025543	0.008585	0.014497	0.011437	0.018248	-0.014891	0.025344	0.029335	-0.013777	-0.020541	-0.001063	0.010730	0.023895	0.014114	-0.025893	-0.004309	0.018107	0.014214	0.016638	-0.018234	-0.003399	-0.010865	-0.023521	0.006163	-0.007313	-0.003210	-0.015261	0.001899	-0.011806	-0.001280	-0.016355	-0.021328	-0.004654	-0.009468	-0.009533	-0.005228	-0.007130	-0.022330	-0.018660	-0.008277	-0.014120	-0.010887	-0.024561	
-0.011797	-0.017194	-0.016192	-0.014714	-0.017021	-0.019992	-0.017730	-0.016268	-0.010813	-0.024427	-0.023398	-0.016268	-0.006020	-0.022664	-0.008993	-0.012001	0.019992	0.011838	0.651098	0.018324	0.011419	0.051860	0.028151	-0.021835	0.015992	0.014210	0.022543	0.014557	-0.010147	0.011147	0.021797	-0.013620	-0.020384	0.045558	0.004672	0.019317	0.013383	-0.001173	0.005022	0.017524	0.021622	0.021826	-0.011862	-0.013896	-0.010708	-0.017445	-0.000043	-0.016183	-0.007789	-0.016732	-0.015849	-0.015349	-0.027018	-0.028480	-0.014808	-0.019739	-0.026476	-0.016035	-0.017649	-0.019846	-0.019510	-0.012732	-0.015371	-0.012188	-0.022716	-0.015230	
-0.033583	-0.023294	-0.027471	-0.029693	-0.031408	-0.030532	-0.009921	-0.028583	-0.027420	-0.024756	-0.023875	-0.026364	-0.030321	-0.022846	-0.019680	-0.011887	0.046150	0.013728	0.018324	0.631135	0.045271	0.024599	0.039955	-0.017725	0.044665	0.014620	0.019994	0.012156	-0.019503	0.008894	0.029754	-0.020461	-0.023525	0.022440	0.031422	0.013217	0.040428	-0.023846	0.007208	0.046937	0.048963	0.034814	-0.013228	-0.010674	-0.009262	-0.012448	-0.023160	-0.025243	-0.020104	-0.013658	-0.017954	-0.020709	-0.013882	-0.011941	-0.018837	-0.013409	-0.016447	-0.020360	-0.020198	-0.004343	-0.013477	-0.011730	-0.024135	-0.007634	-0.013871	-0.015707	
-0.021252	-0.021765	-0.018248	-0.028460	-0.018041	-0.024563	-0.019786	-0.018176	-0.028850	-0.017160	-0.021902	-0.016548	-0.022873	-0.023537	-0.005278	-0.017165	0.049158	0.016293	0.011419	0.045271	0.601738	0.018138	0.026835	-0.023299	0.043383	0.026063	0.015604	0.006287	-0.011315	0.015010	0.020185	-0.019967	-0.029543	0.014795	0.008979	0.015930	0.043437	-0.030455	0.008737	0.052757	0.045609	0.029092	-0.031231	-0.013732	-0.015871	-0.010475	-0.002394	-0.017943	-0.018131	-0.019528	-0.010358	-0.011782	-0.016941	-0.010856	-0.004435	-0.014248	-0.014474	-0.008768	-0.014082	-0.022938	-0.019642	-0.023223	-0.014912	-0.021790	-0.012786	-0.025128	
-0.027866	-0.023496	-0.015095	-0.027231	-0.019772	-0.018304	-0.018113	-0.019019	-0.012232	-0.028213	-0.027184	-0.013988	-0.017205	-0.015945	-0.013667	-0.009425	0.023012	0.017373	0.051860	0.024599	0.018138	0.677088	0.067276	-0.027397	0.025967	0.007612	0.019793	0.007811	-0.004908	0.009136	0.015347	-0.027469	-0.030534	0.072845	0.011096	0.007096	0.026317	-0.030559	0.004787	0.019212	0.026862	0.028397	-0.015353	-0.013391	-0.007540	-0.019012	-0.012708	-0.015678	-0.014239	-0.008681	0.004188	-0.013661	-0.023850	-0.013474	-0.017411	-0.024117	-0.014725	-0.015678	-0.022324	-0.011795	-0.024480	-0.020958	-0.021821	-0.025001	-0.029018	-0.014725	
-0.021537	-0.013764	-0.029334	-0.022086	-0.022617	-0.026772	-0.008085	-0.022456	-0.017297	-0.032538	-0.022039	-0.038289	-0.024489	-0.021306	-0.020212	-0.016710	0.020463	0.020003	0.028151	0.039955	0.026835	0.067276	0.624867	-0.025211	0.015427	0.025335	0.020203	0.008961	-0.011896	0.013542	0.024783	-0.031054	-0.021985	0.078583	0.018165	0.005287	0.024803	-0.029260	0.004013	0.021694	0.025348	0.045233	-0.025005	-0.010762	-0.025182	-0.012979	-0.012889	-0.016748	-0.011017	-0.017593	-0.010643	-0.006296	-0.017817	-0.011880	-0.020257	-0.017344	-0.002773	-0.013492	-0.013035	-0.019671	-0.021259	-0.010782	-0.021115	-0.013492	-0.018398	-0.017127	
-0.036453	-0.027792	-0.017615	-0.043069	-0.031910	-0.033549	-0.037206	-0.020651	-0.027330	-0.031029	-0.034735	-0.031897	-0.033931	-0.026456	0.035159	0.015578	-0.028931	-0.025543	-0.021835	-0.017725	-0.023299	-0.027397	-0.025211	0.881864	-0.027604	-0.016660	-0.018833	-0.029334	-0.027700	-0.029933	-0.033637	0.201884	0.214800	-0.033108	-0.011549	-0.027978	-0.016008	0.200422	0.013365	-0.023557	-0.027153	-0.032720	0.183074	0.031884	0.038031	0.032330	0.041150	0.008733	-0.018091	-0.034581	-0.034585	-0.016033	-0.016456	-0.035971	-0.022151	-0.026045	-0.021537	-0.024561	-0.028987	-0.010616	-0.027888	-0.032505	-0.034108	-0.032700	-0.031242	-0.049947	
-0.020230	-0.014232	-0.027287	-0.015008	-0.010656	-0.021765	-0.018171	-0.015082	-0.014214	-0.010071	-0.026207	-0.007979	-0.014452	-0.026066	-0.008546	-0.015698	0.041450	0.008585	0.015992	0.044665	0.043383	0.025967	0.015427	-0.027604	0.630095	0.019539	0.007305	0.020035	-0.013400	0.010114	0.018396	-0.025160	-0.025561	0.018481	0.000383	0.019172	0.033361	-0.029433	0.006060	0.053187	0.042932	0.033962	-0.022662	-0.014190	-0.013665	-0.007973	-0.006847	-0.014257	-0.025839	-0.013770	-0.019102	-0.012831	-0.012071	-0.005246	-0.011255	-0.017961	-0.005461	-0.010854	-0.025785	-0.026503	-0.026610	-0.033298	-0.017884	-0.024467	-0.019458	-0.018631	
-0.025267	-0.014091	-0.028478	-0.017974	-0.014806	-0.021328	-0.017734	-0.017160	-0.020140	-0.021472	-0.008309	-0.013017	-0.019934	-0.016158	-0.020095	-0.030059	0.004302	0.014497	0.014210	0.014620	0.026063	0.007612	0.025335	-0.016660	0.019539	0.598994	0.036153	0.047699	-0.004677	0.022241	0.026380	-0.019839	-0.021869	0.018474	0.040477	0.020053	0.012046	-0.018194	0.002946	0.025214	0.016734	0.024337	-0.005800	-0.019523	-0.012340	-0.021593	-0.005374	-0.028173	-0.005130	-0.005195	-0.017629	-0.013874	-0.008378	-0.014279	-0.016293	-0.013528	-0.012275	-0.015299	-0.010255	-0.016891	-0.016407	-0.011109	-0.018779	-0.011896	-0.017245	-0.013903	
-0.021669	-0.010641	-0.027839	-0.016447	-0.027337	-0.028976	-0.020203	-0.029839	-0.023792	-0.024828	-0.016992	-0.025696	-0.022846	-0.012264	-0.016793	-0.001453	0.025214	0.011437	0.022543	0.019994	0.015604	0.019793	0.020203	-0.018833	0.007305	0.036153	0.617235	0.020519	-0.026530	0.030278	0.026427	-0.019644	-0.021969	0.019409	0.029278	0.016844	0.020232	-0.015927	0.013795	0.022597	0.019001	0.012546	-0.016851	-0.007195	-0.009037	-0.011188	-0.011394	-0.003267	-0.012037	-0.017577	-0.012699	-0.007908	-0.022833	-0.014972	-0.015062	-0.014665	-0.023622	-0.001787	-0.006213	-0.013737	-0.014140	-0.009286	-0.011629	-0.009333	-0.014979	-0.005865	
-0.023884	-0.007085	-0.016441	-0.021770	-0.009280	-0.014914	-0.023454	-0.025987	-0.012394	-0.019644	-0.017136	-0.013705	-0.007008	-0.021582	0.005408	-0.009439	0.012789	0.018248	0.014557	0.012156	0.006287	0.007811	0.008961	-0.029334	0.020035	0.047699	0.020519	0.581443	-0.014539	0.022736	0.020216	-0.013869	-0.030695	0.013939	0.062281	0.021732	0.005735	-0.021546	0.009508	0.006325	0.005096	0.022465	-0.010188	-0.009262	-0.006813	-0.015622	0.007995	-0.011401	-0.004042	-0.016537	-0.015358	-0.014858	-0.017945	-0.010528	-0.003515	-0.011997	-0.014591	-0.006517	-0.015530	-0.012696	-0.018871	-0.022895	-0.016360	-0.017615	-0.020745	-0.015627	
-0.011596	0.002244	-0.003856	-0.002971	0.028756	0.019719	-0.008946	-0.001121	0.030969	-0.007504	-0.001296	0.001099	0.001877	-0.000267	-0.016929	-0.025857	-0.010880	-0.014891	-0.010147	-0.019503	-0.011315	-0.004908	-0.011896	-0.027700	-0.013400	-0.004677	-0.026530	-0.014539	0.569928	-0.003744	-0.010703	-0.033691	-0.030985	-0.018313	-0.007556	-0.019398	-0.013791	-0.028494	-0.011201	-0.009798	-0.008067	-0.014669	-0.028234	-0.020797	-0.018349	-0.027453	-0.024256	-0.020716	0.014461	0.017060	0.023714	0.036939	0.018463	0.020405	0.011289	0.019380	0.010127	0.013910	0.009188	0.013945	0.015170	-0.000545	0.009838	-0.003403	-0.000910	0.002285	
-0.014716	-0.009311	-0.032872	-0.014378	-0.013578	-0.022319	-0.012510	-0.020963	-0.012696	-0.024830	-0.008412	-0.004242	-0.017373	-0.017889	0.001406	-0.015364	0.014853	0.025344	0.011147	0.008894	0.015010	0.009136	0.013542	-0.029933	0.010114	0.022241	0.030278	0.022736	-0.003744	0.576977	0.020506	-0.029117	-0.025375	0.008605	0.013591	0.076327	0.006912	-0.026140	0.006098	0.013421	0.022402	0.015504	-0.030171	-0.007641	-0.013035	-0.015629	0.002809	-0.010667	-0.013667	-0.011513	-0.013885	-0.007614	-0.015288	-0.007280	-0.004706	-0.008452	0.004047	-0.020582	-0.009618	-0.020102	-0.017990	-0.025122	-0.013407	-0.008892	-0.013797	-0.018593	
-0.008506	-0.015530	-0.011865	-0.011719	-0.006183	-0.002199	-0.016362	-0.013421	-0.009741	-0.017140	-0.012856	-0.015640	-0.015898	-0.025292	-0.013692	-0.016701	0.003307	0.029335	0.021797	0.029754	0.020185	0.015347	0.024783	-0.033637	0.018396	0.026380	0.026427	0.020216	-0.010703	0.020506	0.559795	-0.024090	-0.026267	0.014963	0.019802	0.021721	0.018746	-0.028956	0.005502	0.016376	0.017663	0.018015	-0.025884	-0.008829	-0.005197	-0.016077	0.001177	-0.007712	-0.014856	-0.009446	-0.009450	-0.010726	-0.018696	-0.020454	-0.008558	-0.018963	-0.015934	-0.011560	-0.006219	-0.012856	-0.024061	-0.023942	-0.005421	-0.028429	-0.017057	-0.013566	
-0.027054	-0.034374	-0.032336	-0.027160	-0.041009	-0.032585	-0.042753	-0.025606	-0.036280	-0.034209	-0.034955	-0.051797	-0.038293	-0.042213	0.040415	0.017577	-0.030482	-0.013777	-0.013620	-0.020461	-0.019967	-0.027469	-0.031054	0.201884	-0.025160	-0.019839	-0.019644	-0.013869	-0.033691	-0.029117	-0.024090	0.909988	0.219612	-0.034215	-0.013396	-0.019319	-0.034872	0.218107	0.026315	-0.033247	-0.027373	-0.030128	0.190401	0.036399	0.046394	0.038769	0.053952	0.034408	-0.026745	-0.039536	-0.035545	-0.030162	-0.021115	-0.038854	-0.025478	-0.028929	-0.025604	-0.032032	-0.029355	-0.032292	-0.042905	-0.031541	-0.029148	-0.022857	-0.025395	-0.046320	
-0.035742	-0.029893	-0.035993	-0.027709	-0.029128	-0.032987	-0.024362	-0.035478	-0.025732	-0.032538	-0.042607	-0.037549	-0.033220	-0.035511	0.023440	0.016880	-0.023189	-0.020541	-0.020384	-0.023525	-0.029543	-0.030534	-0.021985	0.214800	-0.025561	-0.021869	-0.021969	-0.030695	-0.030985	-0.025375	-0.026267	0.219612	0.857776	-0.030325	-0.028743	-0.026083	-0.024619	0.219926	0.023102	-0.031280	-0.019635	-0.031861	0.186744	0.021201	0.034451	0.039107	0.044968	0.019506	-0.030254	-0.024548	-0.030175	-0.018133	-0.028619	-0.022830	-0.025584	-0.025779	-0.020826	-0.028586	-0.031088	-0.027366	-0.022590	-0.025431	-0.036948	-0.034800	-0.022245	-0.033404	
-0.017891	-0.025655	-0.032940	-0.025247	-0.017048	-0.022682	-0.015537	-0.015703	-0.007289	-0.028301	-0.020169	-0.011708	-0.010634	-0.003899	-0.010055	-0.011880	0.020557	-0.001063	0.045558	0.022440	0.014795	0.072845	0.078583	-0.033108	0.018481	0.018474	0.019409	0.013939	-0.018313	0.008605	0.014963	-0.034215	-0.030325	0.666972	0.011748	0.005085	0.027709	-0.021324	-0.000036	0.015721	0.027514	0.034525	-0.020916	-0.014219	-0.016062	-0.004598	-0.020490	-0.015914	-0.015954	-0.026969	-0.002706	-0.015080	-0.019499	0.000791	-0.009360	-0.008076	-0.010818	-0.015174	-0.022115	-0.022685	-0.031819	-0.021490	-0.026792	-0.018133	-0.024962	-0.006378	
-0.021191	-0.025108	-0.006941	-0.035206	-0.017833	-0.016660	-0.026088	-0.010865	-0.011773	-0.023907	-0.015923	-0.026698	-0.018373	-0.010602	-0.020458	-0.011629	0.004679	0.010730	0.004672	0.031422	0.008979	0.011096	0.018165	-0.011549	0.000383	0.040477	0.029278	0.062281	-0.007556	0.013591	0.019802	-0.013396	-0.028743	0.011748	0.654363	0.013918	0.020710	-0.027583	0.002287	0.002803	0.016075	0.007401	-0.019185	-0.008641	-0.016402	-0.015297	-0.027193	-0.023505	-0.011116	-0.012365	-0.012517	-0.022967	-0.011257	-0.005468	-0.019467	-0.012264	-0.011010	-0.013739	-0.009582	0.006421	-0.022985	0.002585	-0.017663	0.017779	0.008435	-0.012194	
-0.020604	-0.009280	-0.008721	-0.015678	-0.013102	-0.010006	-0.015438	-0.012645	-0.004527	-0.026131	-0.004533	-0.011017	-0.015418	-0.024664	-0.002854	-0.012226	0.003047	0.023895	0.019317	0.013217	0.015930	0.007096	0.005287	-0.027978	0.019172	0.020053	0.016844	0.021732	-0.019398	0.076327	0.021721	-0.019319	-0.026083	0.005085	0.013918	0.567633	0.006352	-0.025072	0.006574	0.022035	0.016367	0.013167	-0.021853	-0.011753	-0.012412	-0.004648	-0.007813	-0.007677	-0.007569	-0.009558	-0.005863	-0.006399	-0.016145	-0.017311	-0.014293	-0.008865	-0.011459	-0.003385	-0.011067	-0.027617	-0.018994	-0.026126	-0.003758	-0.018331	-0.012730	-0.020633	
-0.019436	-0.029124	-0.021907	-0.019097	-0.016669	-0.025115	-0.016786	-0.024646	-0.029846	-0.012533	-0.017867	-0.023463	-0.031119	-0.016246	-0.004201	-0.002179	0.031886	0.014114	0.013383	0.040428	0.043437	0.026317	0.024803	-0.016008	0.033361	0.012046	0.020232	0.005735	-0.013791	0.006912	0.018746	-0.034872	-0.024619	0.027709	0.020710	0.006352	0.623504	-0.023164	0.013809	0.043919	0.056452	0.021734	-0.023940	0.000070	-0.009320	-0.010138	-0.012268	-0.019382	-0.024010	-0.014160	-0.016533	-0.015589	-0.013793	-0.023541	-0.016824	-0.008881	-0.014878	-0.024117	-0.021736	-0.009728	-0.020194	-0.014304	-0.016647	-0.012427	-0.010082	-0.018725	
-0.040650	-0.032433	-0.031579	-0.035280	-0.036403	-0.033011	-0.037112	-0.026032	-0.035078	-0.021761	-0.043668	-0.030027	-0.023478	-0.035536	0.034218	0.024106	-0.035200	-0.025893	-0.001173	-0.023846	-0.030455	-0.030559	-0.029260	0.200422	-0.029433	-0.018194	-0.015927	-0.021546	-0.028494	-0.026140	-0.028956	0.218107	0.219926	-0.021324	-0.027583	-0.025072	-0.023164	0.943205	0.033435	-0.048174	-0.033866	-0.028039	0.196338	0.036565	0.038569	0.036863	0.043464	0.029987	-0.020068	-0.035522	-0.039374	-0.021117	-0.033379	-0.035137	-0.029899	-0.027431	-0.024846	-0.026835	-0.035404	-0.031978	-0.025279	-0.035518	-0.026763	-0.037193	-0.041950	-0.041567	
-0.029276	-0.023279	-0.026864	-0.033821	-0.015559	-0.017790	-0.021299	-0.032711	-0.019561	-0.016602	-0.023268	-0.023685	-0.019947	-0.033632	0.027243	0.013432	0.006509	-0.004309	0.005022	0.007208	0.008737	0.004787	0.004013	0.013365	0.006060	0.002946	0.013795	0.009508	-0.011201	0.006098	0.005502	0.026315	0.023102	-0.000036	0.002287	0.006574	0.013809	0.033435	0.626759	0.000045	0.006659	-0.003347	0.027480	0.023079	0.033666	0.037139	0.037377	0.013542	-0.014317	-0.019266	-0.021342	-0.023209	-0.024965	-0.026131	-0.018822	-0.020496	-0.023386	-0.019900	-0.015151	-0.014537	-0.015533	-0.024440	-0.026191	-0.030554	-0.014891	-0.022794	
-0.017515	-0.023355	-0.028272	-0.011997	-0.014304	-0.025857	-0.012497	-0.027756	-0.018158	-0.024521	-0.015057	-0.017250	-0.025498	-0.021871	-0.001836	-0.010912	0.046385	0.018107	0.017524	0.046937	0.052757	0.019212	0.021694	-0.023557	0.053187	0.025214	0.022597	0.006325	-0.009798	0.013421	0.016376	-0.033247	-0.031280	0.015721	0.002803	0.022035	0.043919	-0.048174	0.000045	0.591237	0.048755	0.030462	-0.030305	-0.015914	-0.006955	-0.016947	-0.003392	-0.007547	-0.017353	-0.010019	-0.021270	-0.010856	-0.021490	-0.016293	0.002262	-0.023236	-0.014880	-0.015537	-0.018335	-0.014761	-0.017384	-0.020373	-0.015021	-0.019680	-0.022218	-0.018875	
-0.029989	-0.017333	-0.032312	-0.019736	-0.022635	-0.025754	-0.014169	-0.030612	-0.017315	-0.029005	-0.027976	-0.006937	-0.037677	-0.023543	-0.010611	-0.012880	0.039829	0.014214	0.021622	0.048963	0.045609	0.026862	0.025348	-0.027153	0.042932	0.016734	0.019001	0.005096	-0.008067	0.022402	0.017663	-0.027373	-0.019635	0.027514	0.016075	0.016367	0.056452	-0.033866	0.006659	0.048755	0.645215	0.027162	-0.019548	-0.011519	-0.020317	-0.009889	-0.021638	-0.016322	-0.032935	-0.007549	-0.023682	-0.016524	-0.016503	-0.022700	-0.018647	-0.007004	-0.004863	-0.015730	-0.016160	-0.010367	-0.023644	-0.015535	-0.023945	-0.013214	-0.016492	-0.008562	
-0.019723	-0.024084	-0.019974	-0.006659	-0.017252	-0.021111	-0.016925	-0.013983	-0.017259	-0.013856	-0.013862	-0.003033	-0.014389	-0.006470	-0.015438	-0.015340	0.032339	0.016638	0.021826	0.034814	0.029092	0.028397	0.045233	-0.032720	0.033962	0.024337	0.012546	0.022465	-0.014669	0.015504	0.018015	-0.030128	-0.031861	0.034525	0.007401	0.013167	0.021734	-0.028039	-0.003347	0.030462	0.027162	0.623835	-0.030146	-0.017530	-0.012714	-0.010869	-0.015515	-0.020409	-0.018674	-0.011932	-0.011492	-0.018539	-0.021034	-0.008143	-0.023030	-0.020413	-0.011318	-0.001764	-0.012405	-0.027920	-0.021221	-0.018290	-0.014418	-0.019669	-0.017028	-0.016941	
-0.036542	-0.029509	-0.031615	-0.037832	-0.034960	-0.041778	-0.035520	-0.031543	-0.031267	-0.027124	-0.036897	-0.035390	-0.028249	-0.032020	0.032554	0.016968	-0.026505	-0.018234	-0.011862	-0.013228	-0.031231	-0.015353	-0.025005	0.183074	-0.022662	-0.005800	-0.016851	-0.010188	-0.028234	-0.030171	-0.025884	0.190401	0.186744	-0.020916	-0.019185	-0.021853	-0.023940	0.196338	0.027480	-0.030305	-0.019548	-0.030146	0.854278	0.038453	0.051259	0.032684	0.043280	0.017373	-0.017589	-0.036298	-0.043405	-0.021597	-0.025720	-0.030142	-0.032303	-0.032942	-0.028729	-0.023467	-0.025525	-0.032606	-0.022059	-0.022828	-0.031238	-0.031310	-0.034144	-0.034500	
-0.031917	-0.032283	-0.022550	-0.024772	-0.023380	-0.018360	-0.029563	-0.029137	-0.022794	-0.016876	-0.018658	-0.028989	-0.025400	-0.023844	0.078168	0.090696	-0.015961	-0.003399	-0.013896	-0.010674	-0.013732	-0.013391	-0.010762	0.031884	-0.014190	-0.019523	-0.007195	-0.009262	-0.020797	-0.007641	-0.008829	0.036399	0.021201	-0.014219	-0.008641	-0.011753	0.000070	0.036565	0.023079	-0.015914	-0.011519	-0.017530	0.038453	0.691957	0.075121	0.055510	0.061815	0.078968	-0.017550	-0.013176	-0.039964	-0.018600	-0.021391	-0.018118	-0.028269	-0.021954	-0.019221	-0.023873	-0.014389	-0.019398	-0.009591	-0.018351	-0.023801	-0.020765	-0.022712	-0.025436	
-0.027101	-0.039453	-0.023653	-0.026615	-0.018416	-0.019463	-0.032886	-0.017367	-0.018571	-0.023602	-0.028343	-0.033792	-0.023395	-0.027462	0.071886	0.065917	-0.018396	-0.010865	-0.010708	-0.009262	-0.015871	-0.007540	-0.025182	0.038031	-0.013665	-0.012340	-0.009037	-0.006813	-0.018349	-0.013035	-0.005197	0.046394	0.034451	-0.016062	-0.016402	-0.012412	-0.009320	0.038569	0.033666	-0.006955	-0.020317	-0.012714	0.051259	0.075121	0.696719	0.061066	0.069294	0.073870	-0.027680	-0.016203	-0.023902	-0.026214	-0.013764	-0.028247	-0.016351	-0.031195	-0.028018	-0.014470	-0.017416	-0.020797	-0.021348	-0.008060	-0.017210	-0.024680	-0.025146	-0.016624	
-0.019189	-0.018223	-0.027727	-0.027137	-0.023673	-0.018949	-0.019055	-0.020700	-0.019389	-0.022940	-0.035377	-0.027063	-0.020810	-0.025913	0.074027	0.071758	-0.021877	-0.023521	-0.017445	-0.012448	-0.010475	-0.019012	-0.012979	0.032330	-0.007973	-0.021593	-0.011188	-0.015622	-0.027453	-0.015629	-0.016077	0.038769	0.039107	-0.004598	-0.015297	-0.004648	-0.010138	0.036863	0.037139	-0.016947	-0.009889	-0.010869	0.032684	0.055510	0.061066	0.671545	0.082829	0.073939	-0.028646	-0.015394	-0.028420	-0.033543	-0.017245	-0.013528	-0.023976	-0.007006	-0.011524	-0.017656	-0.020750	-0.014365	-0.021279	-0.012578	-0.023799	-0.026978	-0.007172	-0.016111	
-0.031677	-0.019317	-0.025270	-0.025716	-0.016185	-0.019156	-0.023700	-0.031117	-0.023442	-0.029213	-0.020786	-0.028157	-0.023680	-0.038105	0.080775	0.049208	-0.014833	0.006163	-0.000043	-0.023160	-0.002394	-0.012708	-0.012889	0.041150	-0.006847	-0.005374	-0.011394	0.007995	-0.024256	0.002809	0.001177	0.053952	0.044968	-0.020490	-0.027193	-0.007813	-0.012268	0.043464	0.037377	-0.003392	-0.021638	-0.015515	0.043280	0.061815	0.069294	0.082829	0.653260	0.060712	-0.011244	-0.017967	-0.027146	-0.015696	-0.027662	-0.027940	-0.014416	-0.027781	-0.021052	-0.018750	-0.016369	-0.028036	-0.030807	-0.034536	-0.021046	-0.031919	-0.032386	-0.031115	
-0.013784	-0.010450	-0.017438	-0.016997	-0.021671	-0.018279	-0.021492	-0.035863	-0.013096	-0.014575	-0.019021	-0.022694	-0.020140	-0.024207	0.080764	0.141827	-0.013808	-0.007313	-0.016183	-0.025243	-0.017943	-0.015678	-0.016748	0.008733	-0.014257	-0.028173	-0.003267	-0.011401	-0.020716	-0.010667	-0.007712	0.034408	0.019506	-0.015914	-0.023505	-0.007677	-0.019382	0.029987	0.013542	-0.007547	-0.016322	-0.020409	0.017373	0.078968	0.073870	0.073939	0.060712	0.623916	-0.008591	-0.017091	-0.024198	-0.018371	-0.026341	-0.023216	-0.013983	-0.009443	-0.028462	-0.018021	-0.016380	-0.028195	-0.024752	-0.016050	-0.006852	-0.028527	-0.024111	-0.023431	
0.019322	0.006970	0.004125	-0.004015	0.018389	0.026664	-0.000520	0.006861	0.010392	0.006249	0.013492	-0.004829	0.005567	0.000316	-0.018566	-0.027938	-0.008966	-0.003210	-0.007789	-0.020104	-0.018131	-0.014239	-0.011017	-0.018091	-0.025839	-0.005130	-0.012037	-0.004042	0.014461	-0.013667	-0.014856	-0.026745	-0.030254	-0.015954	-0.011116	-0.007569	-0.024010	-0.020068	-0.014317	-0.017353	-0.032935	-0.018674	-0.017589	-0.017550	-0.027680	-0.028646	-0.011244	-0.008591	0.584986	0.013351	0.009351	0.017842	0.021266	0.015217	0.032736	0.011528	0.013522	0.002803	0.006959	-0.001601	0.006874	-0.002329	0.004206	0.004726	-0.009206	-0.009266	
-0.000128	0.004094	-0.000823	0.000359	0.017288	0.017573	0.013472	-0.004746	0.018909	-0.000179	0.002625	-0.008890	-0.004560	0.007946	-0.019371	-0.010838	-0.003704	-0.015261	-0.016732	-0.013658	-0.019528	-0.008681	-0.017593	-0.034581	-0.013770	-0.005195	-0.017577	-0.016537	0.017060	-0.011513	-0.009446	-0.039536	-0.024548	-0.026969	-0.012365	-0.009558	-0.014160	-0.035522	-0.019266	-0.010019	-0.007549	-0.011932	-0.036298	-0.013176	-0.016203	-0.015394	-0.017967	-0.017091	0.013351	0.570224	0.010174	0.017777	0.021496	0.024622	0.017134	0.013535	0.030326	0.016647	-0.008791	0.009284	0.007697	-0.010089	0.001034	0.005401	0.005675	0.021151	
0.005491	0.006753	0.012638	0.010121	0.021575	0.032958	-0.005473	0.018185	0.023936	-0.008766	0.006024	0.007235	0.003278	0.004390	-0.022187	-0.023864	-0.012883	0.001899	-0.015849	-0.017954	-0.010358	0.004188	-0.010643	-0.034585	-0.019102	-0.017629	-0.012699	-0.015358	0.023714	-0.013885	-0.009450	-0.035545	-0.030175	-0.002706	-0.012517	-0.005863	-0.016533	-0.039374	-0.021342	-0.021270	-0.023682	-0.011492	-0.043405	-0.039964	-0.023902	-0.028420	-0.027146	-0.024198	0.009351	0.010174	0.538540	0.024727	0.021936	0.021806	0.011506	0.016934	0.022183	0.024633	0.005410	0.010612	-0.002814	0.000709	0.004137	0.002733	0.005966	0.016560	
-0.004219	-0.002513	-0.001215	0.006625	0.027846	0.035381	-0.000090	0.002704	0.015705	0.000316	0.001493	0.001668	-0.002289	-0.013015	-0.024794	-0.020404	-0.013566	-0.011806	-0.015349	-0.020709	-0.011782	-0.013661	-0.006296	-0.016033	-0.012831	-0.013874	-0.007908	-0.014858	0.036939	-0.007614	-0.010726	-0.030162	-0.018133	-0.015080	-0.022967	-0.006399	-0.015589	-0.021117	-0.023209	-0.010856	-0.016524	-0.018539	-0.021597	-0.018600	-0.026214	-0.033543	-0.015696	-0.018371	0.017842	0.017777	0.024727	0.558297	0.014593	0.028225	0.018221	0.023797	0.013952	0.016551	0.001767	-0.009013	0.003457	-0.006930	0.006264	-0.002242	-0.001377	0.002706	
0.002608	0.000466	-0.000159	-0.002529	0.024759	0.033182	-0.008208	0.004056	0.008623	0.000188	0.003585	-0.002603	0.005278	-0.005448	-0.021223	-0.028523	-0.017985	-0.001280	-0.027018	-0.013882	-0.016941	-0.023850	-0.017817	-0.016456	-0.012071	-0.008378	-0.022833	-0.017945	0.018463	-0.015288	-0.018696	-0.021115	-0.028619	-0.019499	-0.011257	-0.016145	-0.013793	-0.033379	-0.024965	-0.021490	-0.016503	-0.021034	-0.025720	-0.021391	-0.013764	-0.017245	-0.027662	-0.026341	0.021266	0.021496	0.021936	0.014593	0.561041	0.022918	0.017501	0.027072	0.025218	0.023969	0.016732	0.007876	-0.005549	0.011143	0.010872	0.017903	0.012109	0.010273	
-0.000038	0.002704	-0.011091	0.003852	0.020041	0.012928	0.001872	0.004518	0.020627	0.003758	-0.001280	0.001410	0.008403	0.014398	-0.029343	-0.025545	-0.017228	-0.016355	-0.028480	-0.011941	-0.010856	-0.013474	-0.011880	-0.035971	-0.005246	-0.014279	-0.014972	-0.010528	0.020405	-0.007280	-0.020454	-0.038854	-0.022830	0.000791	-0.005468	-0.017311	-0.023541	-0.035137	-0.026131	-0.016293	-0.022700	-0.008143	-0.030142	-0.018118	-0.028247	-0.013528	-0.027940	-0.023216	0.015217	0.024622	0.021806	0.028225	0.022918	0.540101	0.020331	0.026202	0.023756	0.023987	0.003877	0.006562	0.002903	0.012493	-0.000208	0.002531	0.005172	0.017690	
0.003868	0.001874	0.001841	0.004502	0.011073	0.018017	0.012437	-0.003119	0.012694	0.003520	0.003217	0.006944	-0.001157	-0.004632	-0.011528	-0.013205	-0.013766	-0.021328	-0.014808	-0.018837	-0.004435	-0.017411	-0.020257	-0.022151	-0.011255	-0.016293	-0.015062	-0.003515	0.011289	-0.004706	-0.008558	-0.025478	-0.025584	-0.009360	-0.019467	-0.014293	-0.016824	-0.029899	-0.018822	0.002262	-0.018647	-0.023030	-0.032303	-0.028269	-0.016351	-0.023976	-0.014416	-0.013983	0.032736	0.017134	0.011506	0.018221	0.017501	0.020331	0.530568	0.020490	0.014196	0.008213	0.006746	-0.003145	0.000742	0.009000	0.009616	0.006141	-0.000244	0.008721	
-0.002690	0.002123	-0.015075	0.010226	0.023160	0.025220	0.005139	0.008080	0.014719	0.003177	0.000803	-0.001686	0.001756	0.007307	-0.029776	-0.026866	-0.008190	-0.004654	-0.019739	-0.013409	-0.014248	-0.024117	-0.017344	-0.026045	-0.017961	-0.013528	-0.014665	-0.011997	0.019380	-0.008452	-0.018963	-0.028929	-0.025779	-0.008076	-0.012264	-0.008865	-0.008881	-0.027431	-0.020496	-0.023236	-0.007004	-0.020413	-0.032942	-0.021954	-0.031195	-0.007006	-0.027781	-0.009443	0.011528	0.013535	0.016934	0.023797	0.027072	0.026202	0.020490	0.562046	0.021844	0.009793	0.002260	-0.000677	0.003063	0.009248	0.008829	0.007278	0.009327	-0.001536	
-0.011647	0.001305	-0.001984	-0.009977	0.022786	0.022035	0.000177	0.008890	0.020559	-0.014214	0.010194	0.000899	-0.003502	0.008264	-0.018757	-0.017622	-0.008712	-0.009468	-0.026476	-0.016447	-0.014474	-0.014725	-0.002773	-0.021537	-0.005461	-0.012275	-0.023622	-0.014591	0.010127	0.004047	-0.015934	-0.025604	-0.020826	-0.010818	-0.011010	-0.011459	-0.014878	-0.024846	-0.023386	-0.014880	-0.004863	-0.011318	-0.028729	-0.019221	-0.028018	-0.011524	-0.021052	-0.028462	0.013522	0.030326	0.022183	0.013952	0.025218	0.023756	0.014196	0.021844	0.572978	0.022588	-0.008177	0.005607	-0.001603	0.002659	-0.010338	0.004832	-0.005253	0.004009	
-0.004610	-0.003347	0.001798	0.003720	0.022129	0.019454	0.003368	0.001870	0.023454	0.005845	0.003175	0.005717	0.005755	0.009235	-0.017046	-0.012064	-0.018396	-0.009533	-0.016035	-0.020360	-0.008768	-0.015678	-0.013492	-0.024561	-0.010854	-0.015299	-0.001787	-0.006517	0.013910	-0.020582	-0.011560	-0.032032	-0.028586	-0.015174	-0.013739	-0.003385	-0.024117	-0.026835	-0.019900	-0.015537	-0.015730	-0.001764	-0.023467	-0.023873	-0.014470	-0.017656	-0.018750	-0.018021	0.002803	0.016647	0.024633	0.016551	0.023969	0.023987	0.008213	0.009793	0.022588	0.545195	0.001377	-0.012806	-0.000188	0.003186	0.002471	-0.003668	0.002229	0.009715	
0.015084	0.011020	0.022084	0.014683	0.003942	0.005262	0.008264	0.000848	0.001567	0.011777	0.009847	0.008098	0.010356	0.004069	-0.018660	-0.028180	-0.022525	-0.005228	-0.017649	-0.020198	-0.014082	-0.022324	-0.013035	-0.028987	-0.025785	-0.010255	-0.006213	-0.015530	0.009188	-0.009618	-0.006219	-0.029355	-0.031088	-0.022115	-0.009582	-0.011067	-0.021736	-0.035404	-0.015151	-0.018335	-0.016160	-0.012405	-0.025525	-0.014389	-0.017416	-0.020750	-0.016369	-0.016380	0.006959	-0.008791	0.005410	0.001767	0.016732	0.003877	0.006746	0.002260	-0.008177	0.001377	0.524236	0.029971	0.019654	0.022732	0.024976	0.023721	0.025030	0.025265	
0.006524	0.010154	0.025510	0.008343	0.004556	0.000845	0.000444	0.010044	-0.001074	0.006473	0.008982	0.001166	0.007863	0.000836	-0.026332	-0.007293	-0.022355	-0.007130	-0.019846	-0.004343	-0.022938	-0.011795	-0.019671	-0.010616	-0.026503	-0.016891	-0.013737	-0.012696	0.013945	-0.020102	-0.012856	-0.032292	-0.027366	-0.022685	0.006421	-0.027617	-0.009728	-0.031978	-0.014537	-0.014761	-0.010367	-0.027920	-0.032606	-0.019398	-0.020797	-0.014365	-0.028036	-0.028195	-0.001601	0.009284	0.010612	-0.009013	0.007876	0.006562	-0.003145	-0.000677	0.005607	-0.012806	0.029971	0.628795	0.030034	0.027933	0.009461	0.040316	0.024460	0.017445	
0.011892	0.015669	0.022147	0.007791	0.012143	0.005621	0.012766	0.015560	-0.001181	0.012728	0.018936	0.000170	0.016486	0.012419	-0.016970	-0.021310	-0.012992	-0.022330	-0.019510	-0.013477	-0.019642	-0.024480	-0.021259	-0.027888	-0.026610	-0.016407	-0.014140	-0.018871	0.015170	-0.017990	-0.024061	-0.042905	-0.022590	-0.031819	-0.022985	-0.018994	-0.020194	-0.025279	-0.015533	-0.017384	-0.023644	-0.021221	-0.022059	-0.009591	-0.021348	-0.021279	-0.030807	-0.024752	0.006874	0.007697	-0.002814	0.003457	-0.005549	0.002903	0.000742	0.003063	-0.001603	-0.000188	0.019654	0.030034	0.551714	0.069110	0.036433	0.035177	0.019766	0.031395	
0.003428	0.000251	0.020638	0.006726	0.008710	0.000709	0.002971	0.016566	-0.003134	0.009591	0.005441	-0.005482	0.001363	0.012389	-0.030020	-0.004323	-0.017609	-0.018660	-0.012732	-0.011730	-0.023223	-0.020958	-0.010782	-0.032505	-0.033298	-0.011109	-0.009286	-0.022895	-0.000545	-0.025122	-0.023942	-0.031541	-0.025431	-0.021490	0.002585	-0.026126	-0.014304	-0.035518	-0.024440	-0.020373	-0.015535	-0.018290	-0.022828	-0.018351	-0.008060	-0.012578	-0.034536	-0.016050	-0.002329	-0.010089	0.000709	-0.006930	0.011143	0.012493	0.009000	0.009248	0.002659	0.003186	0.022732	0.027933	0.069110	0.591550	0.016427	0.043435	0.029799	0.037137	
