0.480764	0.014158	-0.001322	0.006338	0.012137	-0.005036	-0.008647	0.001465	-0.007413	-0.015760	0.003359	-0.002858	0.002768	-0.002611	-0.002317	-0.004639	0.011040	-0.010959	0.002039	-0.001890	-0.018697	-0.008787	-0.005689	0.007883	-0.001336	-0.012833	-0.003856	0.000651	-0.017080	-0.017029	0.009231	-0.005624	-0.020759	0.001458	-0.013038	-0.001630	-0.003607	-0.010709	-0.003275	-0.010894	-0.011506	-0.015326	-0.011838	-0.013934	0.000148	-0.004516	0.006594	-0.013486	-0.007074	-0.005139	-0.001876	-0.007012	-0.001209	-0.010247	-0.006684	0.008492	
0.014158	0.460971	0.013741	0.017571	0.017243	-0.006824	0.010246	-0.005111	-0.007861	-0.010271	-0.002451	-0.014221	-0.010702	0.001345	-0.003340	0.003722	0.001400	-0.013513	-0.002622	0.002258	-0.017039	0.000148	0.002289	-0.001948	0.012770	-0.002748	-0.006411	-0.012053	-0.007953	-0.001965	-0.009984	-0.011817	-0.016228	-0.001480	-0.012911	-0.008397	-0.012480	-0.013647	-0.008319	-0.014406	-0.012337	-0.007348	-0.017073	-0.015722	-0.011981	-0.008028	-0.027174	-0.011827	0.004542	-0.015927	-0.002707	0.003838	-0.003381	-0.006674	0.002060	0.039067	
-0.001322	0.013741	0.499777	0.012814	0.019380	-0.013113	0.012575	-0.015038	0.001171	-0.002772	0.005814	-0.030276	0.022458	-0.004369	0.007606	-0.021908	-0.000676	-0.006780	-0.000484	-0.008052	-0.012604	0.009754	-0.017213	-0.001534	0.058186	-0.000611	0.004344	-0.012022	-0.014816	-0.002317	-0.011677	-0.009871	-0.022517	-0.011407	0.004163	-0.014495	-0.011875	-0.007296	-0.005990	-0.018971	-0.009051	-0.000423	0.002491	-0.011478	-0.009844	-0.012210	-0.004738	-0.018499	-0.006725	-0.012833	-0.024316	-0.015856	-0.008138	-0.032878	-0.003271	0.025884	
0.006338	0.017571	0.012814	0.505521	0.012486	-0.001432	-0.003702	0.011005	-0.000361	-0.007368	-0.010654	-0.007679	-0.000714	0.006929	0.002819	0.004327	0.004494	-0.013291	-0.011017	-0.018393	-0.005518	0.001136	-0.009745	0.007083	0.013184	-0.000420	0.001089	-0.009916	-0.004475	-0.020127	-0.001336	-0.008339	-0.004899	-0.012364	-0.013072	0.002932	-0.021450	-0.014956	-0.011926	-0.021652	-0.009817	-0.009232	-0.004978	-0.009181	-0.020376	0.001578	-0.014888	-0.016967	-0.005576	-0.010152	-0.002293	-0.011451	-0.007946	-0.005877	-0.003271	0.008266	
0.012137	0.017243	0.019380	0.012486	0.495399	-0.020335	-0.009967	0.000145	-0.005094	-0.018995	0.007018	-0.008965	-0.005255	-0.011591	0.000576	-0.000406	-0.005600	-0.000214	-0.011345	0.001578	-0.000484	-0.012597	-0.001456	0.002925	0.019749	-0.008216	-0.005176	-0.019244	-0.005569	0.015355	-0.001664	-0.017859	0.006837	-0.000628	-0.007081	-0.006014	-0.015076	-0.014519	-0.008808	-0.011831	-0.009570	-0.006688	-0.005689	-0.009700	-0.010938	-0.002772	0.010062	-0.010210	-0.011266	-0.003969	-0.027899	-0.015801	-0.022254	-0.013674	0.000422	0.010810	
-0.005036	-0.006824	-0.013113	-0.001432	-0.020335	0.486837	0.007329	0.002313	0.005691	0.000217	-0.005751	0.013885	0.000552	0.004173	0.011935	0.000422	-0.003432	-0.018920	-0.005922	-0.005255	0.000726	0.005083	0.002627	0.007391	-0.005275	0.000271	0.002354	0.001690	-0.016806	-0.001052	-0.015008	0.000011	-0.018762	-0.002865	-0.017743	-0.013421	-0.001035	-0.015223	-0.026556	-0.001045	-0.003572	0.004864	-0.013862	-0.005809	-0.009536	-0.003094	-0.001175	-0.007467	-0.005460	-0.016929	-0.010986	0.000155	0.000596	-0.010165	-0.003921	-0.002916	
-0.008647	0.010246	0.012575	-0.003702	-0.009967	0.007329	0.520650	0.010192	-0.004431	0.002925	-0.018745	0.007401	-0.017805	0.001519	0.008133	-0.008743	-0.013554	-0.005870	-0.004937	-0.005419	-0.000013	-0.005231	0.028507	0.002056	-0.002376	-0.000467	0.005445	-0.009006	-0.005289	-0.001982	-0.012682	-0.011260	-0.010117	-0.022370	-0.005460	-0.002287	-0.005795	0.000507	-0.021741	-0.005805	-0.008332	-0.007748	-0.000621	-0.018420	-0.012956	-0.016471	-0.020681	0.000220	-0.002560	-0.014987	-0.007320	-0.016286	-0.016994	-0.002287	-0.001979	0.013963	
0.001465	-0.005111	-0.015038	0.011005	0.000145	0.002313	0.010192	0.535436	0.007788	0.022037	-0.014761	0.008129	-0.007693	0.003971	0.003691	0.004624	-0.017996	0.000028	-0.015507	-0.006606	-0.013264	-0.010630	-0.006575	0.001253	-0.002796	-0.004526	-0.010487	-0.011342	-0.016625	-0.001445	0.004706	-0.007276	-0.005559	-0.017046	-0.018136	-0.017836	-0.005258	-0.006233	0.003499	0.002008	-0.008753	-0.012573	-0.015596	0.003181	-0.011461	-0.003678	-0.020335	0.007842	0.006786	-0.006407	-0.014060	-0.006941	-0.015691	0.004761	-0.003165	-0.020735	
-0.007413	-0.007861	0.001171	-0.000361	-0.005094	0.005691	-0.004431	0.007788	0.504906	0.039969	-0.011383	-0.002088	0.000090	-0.001651	0.005154	-0.003295	-0.000830	0.007237	0.004915	-0.006482	-0.007587	0.006727	-0.000515	0.014206	-0.016269	-0.000573	-0.002321	-0.019070	-0.013821	0.004806	-0.018533	-0.002174	-0.003713	-0.003709	-0.011311	-0.013499	0.008078	-0.008599	-0.011697	-0.014337	-0.008247	-0.015514	-0.010877	-0.010483	-0.010764	-0.006811	-0.002786	-0.005631	-0.008794	-0.007050	-0.017193	-0.014094	-0.006185	-0.006989	-0.013766	-0.014484	
-0.015760	-0.010271	-0.002772	-0.007368	-0.018995	0.000217	0.002925	0.022037	0.039969	0.495646	-0.010155	0.006033	0.005339	0.000152	-0.002618	-0.012983	-0.003624	-0.008770	-0.011475	-0.004872	-0.001763	-0.011195	0.004925	-0.004482	-0.006233	-0.000112	-0.011051	-0.000225	-0.012785	-0.001435	-0.008305	-0.005734	-0.011868	-0.004205	-0.016786	-0.004037	0.005667	-0.006223	0.002169	-0.003535	-0.000508	-0.018690	-0.014819	0.003575	-0.008579	-0.009605	-0.017453	0.012448	-0.002205	0.003178	-0.017688	-0.009611	-0.018554	0.000558	-0.015220	-0.004448	
0.003359	-0.002451	0.005814	-0.010654	0.007018	-0.005751	-0.018745	-0.014761	-0.011383	-0.010155	0.495523	-0.007977	0.013160	-0.018837	-0.011458	-0.006694	-0.004229	-0.006886	0.005346	0.011183	-0.009837	-0.003566	-0.013681	-0.019641	0.017291	-0.004930	-0.008784	-0.004468	0.006717	-0.003381	-0.000867	-0.008254	-0.005197	0.013573	-0.004944	0.005507	-0.009492	-0.008934	-0.009543	-0.016204	-0.004944	0.000812	-0.011020	0.000863	-0.002673	0.006833	0.004156	-0.009605	0.002744	-0.001449	-0.019634	-0.015770	-0.004605	-0.018048	-0.007399	0.004713	
-0.002858	-0.014221	-0.030276	-0.007679	-0.008965	0.013885	0.007401	0.008129	-0.002088	0.006033	-0.007977	0.490571	-0.010866	0.000606	0.005113	0.003557	0.001810	-0.002953	-0.011403	-0.002885	-0.003415	-0.007867	-0.004578	0.010718	-0.011714	-0.000040	-0.004468	-0.006281	-0.007543	-0.005385	-0.007276	-0.004321	-0.007201	-0.019644	-0.009054	-0.005306	-0.007091	-0.003853	-0.015760	-0.001739	-0.009245	0.005702	0.001338	-0.019716	-0.001804	-0.011256	-0.001295	0.002562	-0.000218	-0.004410	-0.011680	0.007695	-0.009481	-0.007987	-0.009211	0.001177	
0.002768	-0.010702	0.022458	-0.000714	-0.005255	0.000552	-0.017805	-0.007693	0.000090	0.005339	0.013160	-0.010866	0.501199	-0.018280	-0.004964	0.005544	0.000541	0.007842	0.004563	0.006379	-0.013110	-0.002434	0.000282	-0.010849	0.020529	-0.007437	-0.010141	-0.005443	-0.005939	-0.012781	0.002754	-0.003675	-0.013831	-0.017083	-0.017791	-0.024193	-0.013913	0.005411	-0.012816	-0.022732	-0.008599	-0.015866	-0.009505	0.005633	-0.006520	0.010646	0.008352	0.003017	-0.008955	-0.007785	-0.009310	-0.004489	-0.005388	-0.033384	0.004457	-0.000666	
-0.002611	0.001345	-0.004369	0.006929	-0.011591	0.004173	0.001519	0.003971	-0.001651	0.000152	-0.018837	0.000606	-0.018280	0.488492	0.007466	0.001123	0.004929	-0.029900	-0.009434	-0.005511	0.017704	0.019188	0.004094	-0.005121	-0.003425	-0.010518	-0.006137	-0.014843	-0.007871	-0.014330	-0.007030	0.002436	-0.023232	-0.018249	0.009384	-0.014443	-0.012015	-0.002266	-0.012258	0.000805	-0.008233	-0.009181	-0.011246	-0.011427	-0.001750	-0.002393	0.000100	-0.005809	0.003284	-0.008951	-0.002242	-0.002591	-0.008661	0.002408	-0.008391	-0.001066	
-0.002317	-0.003340	0.007606	0.002819	0.000576	0.011935	0.008133	0.003691	0.005154	-0.002618	-0.011458	0.005113	-0.004964	0.007466	0.552096	-0.000881	-0.010671	-0.010456	-0.009905	0.006081	-0.000385	-0.009625	0.006686	-0.000806	-0.002174	-0.015394	-0.010822	-0.011485	-0.007385	-0.013845	-0.002523	-0.007802	-0.009724	-0.013551	-0.029004	0.000788	-0.027041	-0.014228	-0.013688	0.003014	-0.014259	-0.000461	-0.008079	-0.018219	-0.004903	-0.010333	-0.007840	-0.000344	0.006067	-0.007508	-0.002714	-0.008425	-0.009516	0.003660	-0.018246	0.002101	
-0.004639	0.003722	-0.021908	0.004327	-0.000406	0.000422	-0.008743	0.004624	-0.003295	-0.012983	-0.006694	0.003557	0.005544	0.001123	-0.000881	0.486891	-0.011078	-0.000522	-0.011844	0.009696	-0.005197	0.011416	0.001684	-0.008298	0.001632	-0.001630	-0.003952	-0.002317	-0.009516	-0.005251	0.000900	-0.005911	-0.012046	-0.012043	0.006974	-0.009769	-0.014618	-0.010230	-0.007201	-0.002564	-0.001261	-0.019060	-0.012699	-0.001391	-0.008756	0.006112	-0.013034	-0.008794	-0.010042	-0.013469	0.001666	-0.003278	-0.007242	0.016466	-0.011950	-0.018796	
0.011040	0.001400	-0.000676	0.004494	-0.005600	-0.003432	-0.013554	-0.017996	-0.000830	-0.003624	-0.004229	0.001810	0.000541	0.004929	-0.010671	-0.011078	0.534670	-0.011653	-0.012251	-0.015223	0.000141	-0.003737	-0.006192	-0.006024	0.002566	-0.016016	-0.010678	0.000914	-0.023327	-0.013510	0.005472	-0.005361	-0.009198	-0.001534	-0.001668	0.003038	-0.004109	0.002768	-0.003586	-0.014652	-0.008179	-0.004913	-0.010425	-0.006202	-0.006865	-0.010764	0.003410	-0.014563	-0.008917	-0.011578	0.000494	0.015848	0.001352	-0.014963	0.002962	-0.002735	
-0.010959	-0.013513	-0.006780	-0.013291	-0.000214	-0.018920	-0.005870	0.000028	0.007237	-0.008770	-0.006886	-0.002953	0.007842	-0.029900	-0.010456	-0.000522	-0.011653	0.504509	-0.009738	0.005291	-0.003282	-0.011564	-0.004827	-0.008873	-0.009666	-0.002396	-0.000888	-0.022042	-0.002239	-0.008315	0.002241	-0.003805	0.000593	0.003852	-0.010836	0.010913	0.005107	-0.003528	0.004481	0.014480	-0.011219	-0.017528	-0.014614	0.007227	-0.001288	0.001899	0.000370	0.009015	-0.006021	0.011617	-0.004461	-0.013428	0.006355	-0.009386	-0.007929	-0.022243	
0.002039	-0.002622	-0.000484	-0.011017	-0.011345	-0.005922	-0.004937	-0.015507	0.004915	-0.011475	0.005346	-0.011403	0.004563	-0.009434	-0.009905	-0.011844	-0.012251	-0.009738	0.498669	0.002586	-0.018051	-0.006609	-0.001596	-0.016365	-0.014860	0.017687	0.002918	-0.010193	-0.003220	-0.012935	-0.010422	0.003448	-0.011687	-0.008620	-0.007604	-0.009027	0.003359	0.015789	-0.008373	-0.022312	-0.004540	0.001598	-0.011766	0.002415	-0.003227	-0.008083	0.015475	-0.004605	0.006211	0.002593	-0.001804	-0.005026	-0.002287	0.003995	-0.002782	-0.010394	
-0.001890	0.002258	-0.008052	-0.018393	0.001578	-0.005255	-0.005419	-0.006606	-0.006482	-0.004872	0.011183	-0.002885	0.006379	-0.005511	0.006081	0.009696	-0.015223	0.005291	0.002586	0.477973	0.006745	-0.000580	-0.013759	-0.002293	-0.002895	-0.004434	-0.015565	-0.006079	-0.016150	0.005732	-0.007649	-0.012354	-0.004318	0.004303	-0.001384	0.003130	-0.014358	-0.012077	-0.005792	0.003824	-0.010384	0.003988	-0.015503	-0.004769	0.002802	-0.002246	-0.004349	0.004105	-0.000590	-0.010336	-0.022585	-0.008763	0.003551	-0.003189	-0.028159	-0.011068	
-0.018697	-0.017039	-0.012604	-0.005518	-0.000484	0.000726	-0.000013	-0.013264	-0.007587	-0.001763	-0.009837	-0.003415	-0.013110	0.017704	-0.000385	-0.005197	0.000141	-0.003282	-0.018051	0.006745	0.508791	0.002911	0.005052	0.004836	-0.006298	-0.004007	-0.003265	0.002008	-0.010552	-0.015862	-0.016221	-0.000437	-0.006954	-0.010781	-0.005169	0.008345	-0.014122	-0.017394	0.001147	-0.023132	-0.004978	0.006331	-0.009331	-0.015066	-0.006346	0.005459	-0.008517	-0.001596	0.004624	0.001772	0.002737	-0.003357	-0.006171	0.002983	0.001567	-0.009683	
-0.008787	0.000148	0.009754	0.001136	-0.012597	0.005083	-0.005231	-0.010630	0.006727	-0.011195	-0.003566	-0.007867	-0.002434	0.019188	-0.009625	0.011416	-0.003737	-0.011564	-0.006609	-0.000580	0.002911	0.461108	0.003472	0.004023	-0.006346	-0.005012	0.002624	-0.010295	-0.023238	0.001899	-0.002482	-0.010059	-0.008343	0.002576	0.007230	-0.022534	-0.008808	-0.003463	-0.006178	-0.004988	-0.020154	-0.026846	-0.011294	-0.004581	-0.001989	-0.002632	-0.000331	-0.006814	0.009172	-0.010340	0.000008	0.002723	-0.007943	-0.007214	-0.004609	-0.009731	
-0.005689	0.002289	-0.017213	-0.009745	-0.001456	0.002627	0.028507	-0.006575	-0.000515	0.004925	-0.013681	-0.004578	0.000282	0.004094	0.006686	0.001684	-0.006192	-0.004827	-0.001596	-0.013759	0.005052	0.003472	0.495331	-0.008199	-0.008418	-0.003637	-0.006151	-0.009112	-0.015544	-0.008408	-0.000341	-0.013664	-0.014053	-0.004858	-0.013609	-0.009478	0.000227	-0.010897	-0.012080	-0.001124	-0.009396	-0.008045	-0.016622	-0.015462	-0.006934	0.004105	-0.002594	-0.006205	-0.003049	0.001376	-0.002447	-0.001647	-0.001972	-0.002776	-0.008596	-0.001845	
0.007883	-0.001948	-0.001534	0.007083	0.002925	0.007391	0.002056	0.001253	0.014206	-0.004482	-0.019641	0.010718	-0.010849	-0.005121	-0.000806	-0.008298	-0.006024	-0.008873	-0.016365	-0.002293	0.004836	0.004023	-0.008199	0.522428	-0.020698	0.012999	0.018528	-0.016604	-0.008866	-0.002112	-0.011089	-0.005645	-0.009098	-0.015797	-0.006356	-0.004523	-0.018755	-0.018198	-0.014594	0.003065	-0.022250	0.008400	-0.006496	-0.006294	-0.010596	-0.001090	-0.007597	-0.008336	-0.009776	0.001926	-0.014344	-0.006076	-0.024018	-0.004906	0.006892	-0.006848	
-0.001336	0.012770	0.058186	0.013184	0.019749	-0.005275	-0.002376	-0.002796	-0.016269	-0.006233	0.017291	-0.011714	0.020529	-0.003425	-0.002174	0.001632	0.002566	-0.009666	-0.014860	-0.002895	-0.006298	-0.006346	-0.008418	-0.020698	0.500871	-0.022264	0.007586	-0.007248	-0.004297	-0.000608	-0.004797	-0.016970	-0.013147	-0.019080	-0.007724	-0.016615	-0.007867	-0.004629	-0.013281	-0.029134	-0.002170	0.005117	-0.012077	-0.009577	-0.002389	-0.000734	-0.013944	-0.021002	-0.008462	-0.016868	-0.019542	0.000408	-0.008151	-0.028105	0.002268	0.019742	
-0.012833	-0.002748	-0.000611	-0.000420	-0.008216	0.000271	-0.000467	-0.004526	-0.000573	-0.000112	-0.004930	-0.000040	-0.007437	-0.010518	-0.015394	-0.001630	-0.016016	-0.002396	0.017687	-0.004434	-0.004007	-0.005012	-0.003637	0.012999	-0.022264	0.458331	0.018303	-0.011277	-0.012922	-0.013253	-0.006910	0.004854	-0.016601	-0.004916	0.000887	0.002528	-0.005385	-0.002338	-0.005436	-0.005778	0.000121	-0.008678	-0.004615	-0.009776	0.002583	-0.006869	-0.009355	-0.007604	-0.005597	-0.001938	0.001133	-0.007067	-0.002413	0.000996	-0.006356	-0.008223	
-0.003856	-0.006411	0.004344	0.001089	-0.005176	0.002354	0.005445	-0.010487	-0.002321	-0.011051	-0.008784	-0.004468	-0.010141	-0.006137	-0.010822	-0.003952	-0.010678	-0.000888	0.002918	-0.015565	-0.003265	0.002624	-0.006151	0.018528	0.007586	0.018303	0.485811	-0.019535	0.000842	-0.008107	-0.014402	-0.005511	0.001184	-0.011451	-0.002010	-0.006496	-0.010005	-0.006383	-0.002396	-0.001972	-0.006414	0.002214	-0.001001	-0.008267	-0.006250	-0.005552	-0.009379	-0.013947	-0.001408	-0.007707	-0.009806	-0.012645	-0.014310	-0.007837	0.004727	-0.002119	
0.000651	-0.012053	-0.012022	-0.009916	-0.019244	0.001690	-0.009006	-0.011342	-0.019070	-0.000225	-0.004468	-0.006281	-0.005443	-0.014843	-0.011485	-0.002317	0.000914	-0.022042	-0.010193	-0.006079	0.002008	-0.010295	-0.009112	-0.016604	-0.007248	-0.011277	-0.019535	0.514946	-0.007864	0.007507	-0.005874	0.009911	-0.004075	0.006078	-0.006503	-0.006202	-0.002242	-0.001685	-0.005357	0.004641	0.009008	-0.007067	0.002932	0.036454	0.005726	0.002402	-0.001042	0.016220	-0.014902	-0.018136	-0.010087	0.008523	-0.006930	-0.009649	-0.003788	-0.010634	
-0.017080	-0.007953	-0.014816	-0.004475	-0.005569	-0.016806	-0.005289	-0.016625	-0.013821	-0.012785	0.006717	-0.007543	-0.005939	-0.007871	-0.007385	-0.009516	-0.023327	-0.002239	-0.003220	-0.016150	-0.010552	-0.023238	-0.015544	-0.008866	-0.004297	-0.012922	0.000842	-0.007864	0.664629	-0.005245	0.000524	-0.020458	0.095582	-0.017781	-0.005467	-0.015124	-0.016717	-0.010798	-0.013896	-0.000067	-0.010829	-0.008138	0.088227	-0.004256	-0.015261	0.004587	-0.007283	-0.006298	-0.015397	-0.021122	-0.006944	-0.015144	-0.014512	-0.014549	-0.003135	0.001318	
-0.017029	-0.001965	-0.002317	-0.020127	0.015355	-0.001052	-0.001982	-0.001445	0.004806	-0.001435	-0.003381	-0.005385	-0.012781	-0.014330	-0.013845	-0.005251	-0.013510	-0.008315	-0.012935	0.005732	-0.015862	0.001899	-0.008408	-0.002112	-0.000608	-0.013253	-0.008107	0.007507	-0.005245	0.469123	-0.005744	-0.004321	0.001225	0.024974	-0.001203	-0.002817	-0.001921	-0.008257	0.007794	-0.003846	-0.000628	-0.004256	-0.006896	-0.004205	0.008345	-0.014512	0.006748	0.001796	-0.005580	-0.006900	-0.020681	-0.012795	-0.011971	-0.007987	-0.000211	-0.005333	
0.009231	-0.009984	-0.011677	-0.001336	-0.001664	-0.015008	-0.012682	0.004706	-0.018533	-0.008305	-0.000867	-0.007276	0.002754	-0.007030	-0.002523	0.000900	0.005472	0.002241	-0.010422	-0.007649	-0.016221	-0.002482	-0.000341	-0.011089	-0.004797	-0.006910	-0.014402	-0.005874	0.000524	-0.005744	0.466155	-0.000659	-0.006602	0.011977	-0.009413	-0.005282	-0.003237	-0.004978	-0.007693	0.008817	-0.001179	-0.014573	-0.013575	0.000032	-0.012696	0.009641	-0.001654	-0.009670	-0.000960	-0.013387	0.016877	0.009826	0.003181	0.000271	-0.013017	-0.018140	
-0.005624	-0.011817	-0.009871	-0.008339	-0.017859	0.000011	-0.011260	-0.007276	-0.002174	-0.005734	-0.008254	-0.004321	-0.003675	0.002436	-0.007802	-0.005911	-0.005361	-0.003805	0.003448	-0.012354	-0.000437	-0.010059	-0.013664	-0.005645	-0.016970	0.004854	-0.005511	0.009911	-0.020458	-0.004321	-0.000659	0.492144	-0.027968	0.004207	-0.012395	-0.011520	0.011016	-0.008917	0.018241	0.003345	0.043714	-0.016023	-0.011578	0.002795	0.003089	-0.005022	-0.003487	-0.011694	-0.008346	0.016761	0.014278	-0.011157	-0.008226	-0.009222	-0.015425	-0.014036	
-0.020759	-0.016228	-0.022517	-0.004899	0.006837	-0.018762	-0.010117	-0.005559	-0.003713	-0.011868	-0.005197	-0.007201	-0.013831	-0.023232	-0.009724	-0.012046	-0.009198	0.000593	-0.011687	-0.004318	-0.006954	-0.008343	-0.014053	-0.009098	-0.013147	-0.016601	0.001184	-0.004075	0.095582	0.001225	-0.006602	-0.027968	0.639570	-0.011694	0.006748	-0.014016	-0.000864	0.001991	-0.003979	-0.017918	-0.011636	-0.001476	0.086654	-0.015787	-0.015110	-0.014987	-0.007515	-0.000019	-0.011800	-0.017333	-0.004496	-0.011930	-0.013021	-0.018612	-0.008155	-0.002553	
0.001458	-0.001480	-0.011407	-0.012364	-0.000628	-0.002865	-0.022370	-0.017046	-0.003709	-0.004205	0.013573	-0.019644	-0.017083	-0.018249	-0.013551	-0.012043	-0.001534	0.003852	-0.008620	0.004303	-0.010781	0.002576	-0.004858	-0.015797	-0.019080	-0.004916	-0.011451	0.006078	-0.017781	0.024974	0.011977	0.004207	-0.011694	0.490598	-0.014696	0.008201	0.014459	-0.014091	0.008088	0.005832	0.005794	-0.012197	-0.016369	0.007962	0.003660	-0.002536	0.006276	-0.002314	-0.009882	-0.001435	-0.012344	-0.001011	-0.008996	-0.004055	-0.005853	-0.009635	
-0.013038	-0.012911	0.004163	-0.013072	-0.007081	-0.017743	-0.005460	-0.018136	-0.011311	-0.016786	-0.004944	-0.009054	-0.017791	0.009384	-0.029004	0.006974	-0.001668	-0.010836	-0.007604	-0.001384	-0.005169	0.007230	-0.013609	-0.006356	-0.007724	0.000887	-0.002010	-0.006503	-0.005467	-0.001203	-0.009413	-0.012395	0.006748	-0.014696	0.536790	-0.002656	0.001112	0.016607	0.002785	-0.006175	-0.001042	0.002798	0.015287	-0.009406	-0.006623	0.000777	-0.006113	-0.009341	-0.006376	-0.005590	0.012226	-0.017996	-0.006257	0.002897	-0.001774	0.003445	
-0.001630	-0.008397	-0.014495	0.002932	-0.006014	-0.013421	-0.002287	-0.017836	-0.013499	-0.004037	0.005507	-0.005306	-0.024193	-0.014443	0.000788	-0.009769	0.003038	0.010913	-0.009027	0.003130	0.008345	-0.022534	-0.009478	-0.004523	-0.016615	0.002528	-0.006496	-0.006202	-0.015124	-0.002817	-0.005282	-0.011520	-0.014016	0.008201	-0.002656	0.483992	-0.008927	0.002928	0.010171	-0.006257	-0.006103	0.014589	-0.022903	-0.004318	0.005551	-0.015199	0.004337	-0.001572	-0.018906	-0.001076	-0.001452	0.001454	-0.003658	0.021391	0.004847	-0.000659	
-0.003607	-0.012480	-0.011875	-0.021450	-0.015076	-0.001035	-0.005795	-0.005258	0.008078	0.005667	-0.009492	-0.007091	-0.013913	-0.012015	-0.027041	-0.014618	-0.004109	0.005107	0.003359	-0.014358	-0.014122	-0.008808	0.000227	-0.018755	-0.007867	-0.005385	-0.010005	-0.002242	-0.016717	-0.001921	-0.003237	0.011016	-0.000864	0.014459	0.001112	-0.008927	0.495235	-0.001155	0.008194	0.017236	0.012219	-0.005580	-0.002666	-0.006869	0.001277	-0.002047	-0.002427	-0.006995	-0.010542	0.006139	0.001933	-0.011629	0.000877	-0.009885	0.005168	-0.011827	
-0.010709	-0.013647	-0.007296	-0.014956	-0.014519	-0.015223	0.000507	-0.006233	-0.008599	-0.006223	-0.008934	-0.003853	0.005411	-0.002266	-0.014228	-0.010230	0.002768	-0.003528	0.015789	-0.012077	-0.017394	-0.003463	-0.010897	-0.018198	-0.004629	-0.002338	-0.006383	-0.001685	-0.010798	-0.008257	-0.004978	-0.008917	0.001991	-0.014091	0.016607	0.002928	-0.001155	0.510870	0.000134	-0.004995	-0.012884	-0.005214	-0.000002	0.005561	0.006047	-0.002830	0.010578	-0.012374	-0.010559	-0.001538	-0.000382	0.007121	0.000476	-0.000902	-0.014765	0.000794	
-0.003275	-0.008319	-0.005990	-0.011926	-0.008808	-0.026556	-0.021741	0.003499	-0.011697	0.002169	-0.009543	-0.015760	-0.012816	-0.012258	-0.013688	-0.007201	-0.003586	0.004481	-0.008373	-0.005792	0.001147	-0.006178	-0.012080	-0.014594	-0.013281	-0.005436	-0.002396	-0.005357	-0.013896	0.007794	-0.007693	0.018241	-0.003979	0.008088	0.002785	0.010171	0.008194	0.000134	0.483923	0.005312	0.024615	0.012561	-0.012484	0.001697	0.003523	-0.016844	0.005182	-0.007430	-0.020934	0.010492	-0.010374	-0.011680	-0.007601	0.002128	-0.006756	-0.007857	
-0.010894	-0.014406	-0.018971	-0.021652	-0.011831	-0.001045	-0.005805	0.002008	-0.014337	-0.003535	-0.016204	-0.001739	-0.022732	0.000805	0.003014	-0.002564	-0.014652	0.014480	-0.022312	0.003824	-0.023132	-0.004988	-0.001124	0.003065	-0.029134	-0.005778	-0.001972	0.004641	-0.000067	-0.003846	0.008817	0.003345	-0.017918	0.005832	-0.006175	-0.006257	0.017236	-0.004995	0.005312	0.499407	0.000719	-0.010569	-0.016464	0.007292	-0.001032	-0.004930	-0.019672	0.003335	-0.004615	0.012448	0.002497	-0.005894	0.000675	0.027830	-0.010736	-0.014902	
-0.011506	-0.012337	-0.009051	-0.009817	-0.009570	-0.003572	-0.008332	-0.008753	-0.008247	-0.000508	-0.004944	-0.009245	-0.008599	-0.008233	-0.014259	-0.001261	-0.008179	-0.011219	-0.004540	-0.010384	-0.004978	-0.020154	-0.009396	-0.022250	-0.002170	0.000121	-0.006414	0.009008	-0.010829	-0.000628	-0.001179	0.043714	-0.011636	0.005794	-0.001042	-0.006103	0.012219	-0.012884	0.024615	0.000719	0.463255	0.004522	-0.012289	0.000552	0.002952	-0.019138	-0.012816	-0.002447	-0.003504	0.005517	0.008013	-0.014166	-0.004916	-0.008018	0.000716	-0.000577	
-0.015326	-0.007348	-0.000423	-0.009232	-0.006688	0.004864	-0.007748	-0.012573	-0.015514	-0.018690	0.000812	0.005702	-0.015866	-0.009181	-0.000461	-0.019060	-0.004913	-0.017528	0.001598	0.003988	0.006331	-0.026846	-0.008045	0.008400	0.005117	-0.008678	0.002214	-0.007067	-0.008138	-0.004256	-0.014573	-0.016023	-0.001476	-0.012197	0.002798	0.014589	-0.005580	-0.005214	0.012561	-0.010569	0.004522	0.477084	-0.007491	-0.004609	0.001622	-0.004957	-0.003230	-0.020629	0.000336	0.000165	-0.007296	0.000015	0.003520	0.001759	0.013748	0.004221	
-0.011838	-0.017073	0.002491	-0.004978	-0.005689	-0.013862	-0.000621	-0.015596	-0.010877	-0.014819	-0.011020	0.001338	-0.009505	-0.011246	-0.008079	-0.012699	-0.010425	-0.014614	-0.011766	-0.015503	-0.009331	-0.011294	-0.016622	-0.006496	-0.012077	-0.004615	-0.001001	0.002932	0.088227	-0.006896	-0.013575	-0.011578	0.086654	-0.016369	0.015287	-0.022903	-0.002666	-0.000002	-0.012484	-0.016464	-0.012289	-0.007491	0.667980	-0.002653	-0.004273	-0.014491	-0.012956	-0.006609	-0.011496	-0.025071	-0.013383	-0.017370	-0.012716	-0.015052	-0.012638	0.002155	
-0.013934	-0.015722	-0.011478	-0.009181	-0.009700	-0.005809	-0.018420	0.003181	-0.010483	0.003575	0.000863	-0.019716	0.005633	-0.011427	-0.018219	-0.001391	-0.006202	0.007227	0.002415	-0.004769	-0.015066	-0.004581	-0.015462	-0.006294	-0.009577	-0.009776	-0.008267	0.036454	-0.004256	-0.004205	0.000032	0.002795	-0.015787	0.007962	-0.009406	-0.004318	-0.006869	0.005561	0.001697	0.007292	0.000552	-0.004609	-0.002653	0.482651	0.010674	-0.003566	-0.009307	0.005466	-0.003251	-0.008784	-0.003607	-0.002232	-0.008685	-0.003552	0.001926	-0.024069	
0.000148	-0.011981	-0.009844	-0.020376	-0.010938	-0.009536	-0.012956	-0.011461	-0.010764	-0.008579	-0.002673	-0.001804	-0.006520	-0.001750	-0.004903	-0.008756	-0.006865	-0.001288	-0.003227	0.002802	-0.006346	-0.001989	-0.006934	-0.010596	-0.002389	0.002583	-0.006250	0.005726	-0.015261	0.008345	-0.012696	0.003089	-0.015110	0.003660	-0.006623	0.005551	0.001277	0.006047	0.003523	-0.001032	0.002952	0.001622	-0.004273	0.010674	0.452422	-0.008633	-0.003460	-0.005539	-0.009468	0.000894	-0.000440	-0.002512	0.001184	0.004019	-0.002759	-0.023775	
-0.004516	-0.008028	-0.012210	0.001578	-0.002772	-0.003094	-0.016471	-0.003678	-0.006811	-0.009605	0.006833	-0.011256	0.010646	-0.002393	-0.010333	0.006112	-0.010764	0.001899	-0.008083	-0.002246	0.005459	-0.002632	0.004105	-0.001090	-0.000734	-0.006869	-0.005552	0.002402	0.004587	-0.014512	0.009641	-0.005022	-0.014987	-0.002536	0.000777	-0.015199	-0.002047	-0.002830	-0.016844	-0.004930	-0.019138	-0.004957	-0.014491	-0.003566	-0.008633	0.478575	0.001451	-0.007905	-0.007813	-0.008367	0.002364	0.011973	0.001116	-0.023242	0.001769	-0.005843	
0.006594	-0.027174	-0.004738	-0.014888	0.010062	-0.001175	-0.020681	-0.020335	-0.002786	-0.017453	0.004156	-0.001295	0.008352	0.000100	-0.007840	-0.013034	0.003410	0.000370	0.015475	-0.004349	-0.008517	-0.000331	-0.002594	-0.007597	-0.013944	-0.009355	-0.009379	-0.001042	-0.007283	0.006748	-0.001654	-0.003487	-0.007515	0.006276	-0.006113	0.004337	-0.002427	0.010578	0.005182	-0.019672	-0.012816	-0.003230	-0.012956	-0.009307	-0.003460	0.001451	0.532591	-0.001008	-0.006469	-0.001278	-0.007782	0.003168	-0.001370	-0.015004	-0.017186	-0.024032	
-0.013486	-0.011827	-0.018499	-0.016967	-0.010210	-0.007467	0.000220	0.007842	-0.005631	0.012448	-0.009605	0.002562	0.003017	-0.005809	-0.000344	-0.008794	-0.014563	0.009015	-0.004605	0.004105	-0.001596	-0.006814	-0.006205	-0.008336	-0.021002	-0.007604	-0.013947	0.016220	-0.006298	0.001796	-0.009670	-0.011694	-0.000019	-0.002314	-0.009341	-0.001572	-0.006995	-0.012374	-0.007430	0.003335	-0.002447	-0.020629	-0.006609	0.005466	-0.005539	-0.007905	-0.001008	0.497848	0.001218	0.005452	-0.005457	-0.005231	0.004594	0.014897	-0.004711	-0.020558	
-0.007074	0.004542	-0.006725	-0.005576	-0.011266	-0.005460	-0.002560	0.006786	-0.008794	-0.002205	0.002744	-0.000218	-0.008955	0.003284	0.006067	-0.010042	-0.008917	-0.006021	0.006211	-0.000590	0.004624	0.009172	-0.003049	-0.009776	-0.008462	-0.005597	-0.001408	-0.014902	-0.015397	-0.005580	-0.000960	-0.008346	-0.011800	-0.009882	-0.006376	-0.018906	-0.010542	-0.010559	-0.020934	-0.004615	-0.003504	0.000336	-0.011496	-0.003251	-0.009468	-0.007813	-0.006469	0.001218	0.502047	-0.004988	-0.006130	-0.001309	0.014069	-0.002820	-0.003087	0.001749	
-0.005139	-0.015927	-0.012833	-0.010152	-0.003969	-0.016929	-0.014987	-0.006407	-0.007050	0.003178	-0.001449	-0.004410	-0.007785	-0.008951	-0.007508	-0.013469	-0.011578	0.011617	0.002593	-0.010336	0.001772	-0.010340	0.001376	0.001926	-0.016868	-0.001938	-0.007707	-0.018136	-0.021122	-0.006900	-0.013387	0.016761	-0.017333	-0.001435	-0.005590	-0.001076	0.006139	-0.001538	0.010492	0.012448	0.005517	0.000165	-0.025071	-0.008784	0.000894	-0.008367	-0.001278	0.005452	-0.004988	0.538897	-0.007450	0.000627	-0.004102	0.016925	-0.006896	-0.018147	
-0.001876	-0.002707	-0.024316	-0.002293	-0.027899	-0.010986	-0.007320	-0.014060	-0.017193	-0.017688	-0.019634	-0.011680	-0.009310	-0.002242	-0.002714	0.001666	0.000494	-0.004461	-0.001804	-0.022585	0.002737	0.000008	-0.002447	-0.014344	-0.019542	0.001133	-0.009806	-0.010087	-0.006944	-0.020681	0.016877	0.014278	-0.004496	-0.012344	0.012226	-0.001452	0.001933	-0.000382	-0.010374	0.002497	0.008013	-0.007296	-0.013383	-0.003607	-0.000440	0.002364	-0.007782	-0.005457	-0.006130	-0.007450	0.544669	0.001591	0.020033	0.008123	0.014175	-0.015267	
-0.007012	0.003838	-0.015856	-0.011451	-0.015801	0.000155	-0.016286	-0.006941	-0.014094	-0.009611	-0.015770	0.007695	-0.004489	-0.002591	-0.008425	-0.003278	0.015848	-0.013428	-0.005026	-0.008763	-0.003357	0.002723	-0.001647	-0.006076	0.000408	-0.007067	-0.012645	0.008523	-0.015144	-0.012795	0.009826	-0.011157	-0.011930	-0.001011	-0.017996	0.001454	-0.011629	0.007121	-0.011680	-0.005894	-0.014166	0.000015	-0.017370	-0.002232	-0.002512	0.011973	0.003168	-0.005231	-0.001309	0.000627	0.001591	0.506123	0.012407	-0.012525	0.001762	0.002002	
-0.001209	-0.003381	-0.008138	-0.007946	-0.022254	0.000596	-0.016994	-0.015691	-0.006185	-0.018554	-0.004605	-0.009481	-0.005388	-0.008661	-0.009516	-0.007242	0.001352	0.006355	-0.002287	0.003551	-0.006171	-0.007943	-0.001972	-0.024018	-0.008151	-0.002413	-0.014310	-0.006930	-0.014512	-0.011971	0.003181	-0.008226	-0.013021	-0.008996	-0.006257	-0.003658	0.000877	0.000476	-0.007601	0.000675	-0.004916	0.003520	-0.012716	-0.008685	0.001184	0.001116	-0.001370	0.004594	0.014069	-0.004102	0.020033	0.012407	0.505590	-0.000211	0.000671	-0.001770	
-0.010247	-0.006674	-0.032878	-0.005877	-0.013674	-0.010165	-0.002287	0.004761	-0.006989	0.000558	-0.018048	-0.007987	-0.033384	0.002408	0.003660	0.016466	-0.014963	-0.009386	0.003995	-0.003189	0.002983	-0.007214	-0.002776	-0.004906	-0.028105	0.000996	-0.007837	-0.009649	-0.014549	-0.007987	0.000271	-0.009222	-0.018612	-0.004055	0.002897	0.021391	-0.009885	-0.000902	0.002128	0.027830	-0.008018	0.001759	-0.015052	-0.003552	0.004019	-0.023242	-0.015004	0.014897	-0.002820	0.016925	0.008123	-0.012525	-0.000211	0.535313	-0.006452	-0.015404	
-0.006684	0.002060	-0.003271	-0.003271	0.000422	-0.003921	-0.001979	-0.003165	-0.013766	-0.015220	-0.007399	-0.009211	0.004457	-0.008391	-0.018246	-0.011950	0.002962	-0.007929	-0.002782	-0.028159	0.001567	-0.004609	-0.008596	0.006892	0.002268	-0.006356	0.004727	-0.003788	-0.003135	-0.000211	-0.013017	-0.015425	-0.008155	-0.005853	-0.001774	0.004847	0.005168	-0.014765	-0.006756	-0.010736	0.000716	0.013748	-0.012638	0.001926	-0.002759	0.001769	-0.017186	-0.004711	-0.003087	-0.006896	0.014175	0.001762	0.000671	-0.006452	0.472967	-0.004373	
0.008492	0.039067	0.025884	0.008266	0.010810	-0.002916	0.013963	-0.020735	-0.014484	-0.004448	0.004713	0.001177	-0.000666	-0.001066	0.002101	-0.018796	-0.002735	-0.022243	-0.010394	-0.011068	-0.009683	-0.009731	-0.001845	-0.006848	0.019742	-0.008223	-0.002119	-0.010634	0.001318	-0.005333	-0.018140	-0.014036	-0.002553	-0.009635	0.003445	-0.000659	-0.011827	0.000794	-0.007857	-0.014902	-0.000577	0.004221	0.002155	-0.024069	-0.023775	-0.005843	-0.024032	-0.020558	0.001749	-0.018147	-0.015267	0.002002	-0.001770	-0.015404	-0.004373	0.494989	
