0.992887	-0.066235	-0.063935	-0.062609	-0.072359	-0.077253	-0.078223	-0.065318	-0.073709	-0.070004	-0.063913	-0.056082	-0.072598	-0.077757	-0.052342	-0.067648	-0.071095	
-0.066235	0.992768	-0.059563	-0.075621	-0.081480	-0.076260	-0.080418	-0.062262	-0.062786	-0.054487	-0.072171	-0.052924	-0.073181	-0.084907	-0.047788	-0.070758	-0.085284	
-0.063935	-0.059563	1.006831	-0.074912	-0.078833	-0.070164	-0.080559	-0.074533	-0.068615	-0.066827	-0.069303	-0.067965	-0.073120	-0.077828	-0.074035	-0.066787	-0.067847	
-0.062609	-0.075621	-0.074912	0.980122	-0.078295	-0.060055	-0.070141	-0.070981	-0.057824	-0.061972	-0.068179	-0.071402	-0.072972	-0.073697	-0.060467	-0.063950	-0.069329	
-0.072359	-0.081480	-0.078833	-0.078295	0.982899	-0.076988	0.024363	-0.073404	-0.087007	-0.085038	-0.074116	-0.085108	-0.077745	-0.072156	-0.085958	-0.068540	-0.075466	
-0.077253	-0.076260	-0.070164	-0.060055	-0.076988	0.992914	-0.084861	-0.070225	-0.070391	-0.072617	-0.061238	-0.041160	-0.065008	-0.072923	-0.067825	-0.066004	-0.059429	
-0.078223	-0.080418	-0.080559	-0.070141	0.024363	-0.084861	0.975429	-0.087185	-0.081355	-0.077687	-0.083417	-0.078423	-0.073703	-0.076345	-0.080613	-0.063133	-0.077959	
-0.065318	-0.062262	-0.074533	-0.070981	-0.073404	-0.070225	-0.087185	1.025285	-0.038545	-0.075228	-0.084101	-0.074647	-0.075237	-0.079630	-0.064980	-0.070513	-0.068806	
-0.073709	-0.062786	-0.068615	-0.057824	-0.087007	-0.070391	-0.081355	-0.038545	1.022470	-0.050099	-0.083496	-0.059802	-0.080101	-0.079313	-0.069789	-0.088935	-0.075717	
-0.070004	-0.054487	-0.066827	-0.061972	-0.085038	-0.072617	-0.077687	-0.075228	-0.050099	0.997013	-0.078606	-0.062687	-0.086513	-0.078309	-0.059649	-0.075236	-0.082071	
-0.063913	-0.072171	-0.069303	-0.068179	-0.074116	-0.061238	-0.083417	-0.084101	-0.083496	-0.078606	1.005023	-0.074191	-0.041657	-0.038933	-0.075232	-0.074391	-0.043497	
-0.056082	-0.052924	-0.067965	-0.071402	-0.085108	-0.041160	-0.078423	-0.074647	-0.059802	-0.062687	-0.074191	1.000249	-0.085984	-0.071300	-0.077347	-0.081561	-0.070943	
-0.072598	-0.073181	-0.073120	-0.072972	-0.077745	-0.065008	-0.073703	-0.075237	-0.080101	-0.086513	-0.041657	-0.085984	1.045163	-0.047179	-0.064463	-0.072301	-0.067263	
-0.077757	-0.084907	-0.077828	-0.073697	-0.072156	-0.072923	-0.076345	-0.079630	-0.079313	-0.078309	-0.038933	-0.071300	-0.047179	1.011268	-0.077529	-0.077255	-0.048359	
-0.052342	-0.047788	-0.074035	-0.060467	-0.085958	-0.067825	-0.080613	-0.064980	-0.069789	-0.059649	-0.075232	-0.077347	-0.064463	-0.077529	0.965414	-0.071104	-0.064243	
-0.067648	-0.070758	-0.066787	-0.063950	-0.068540	-0.066004	-0.063133	-0.070513	-0.088935	-0.075236	-0.074391	-0.081561	-0.072301	-0.077255	-0.071104	1.007711	-0.072745	
-0.071095	-0.085284	-0.067847	-0.069329	-0.075466	-0.059429	-0.077959	-0.068806	-0.075717	-0.082071	-0.043497	-0.070943	-0.067263	-0.048359	-0.064243	-0.072745	1.011714	
