0.613832	-0.009785	-0.004568	-0.007488	-0.000871	0.001081	-0.005999	0.009062	-0.004214	-0.000192	-0.009196	-0.002841	-0.010046	0.022633	-0.009136	0.003760	0.006084	0.000009	-0.005148	-0.006349	0.001371	-0.008881	0.008435	-0.002923	-0.002459	-0.010104	-0.012546	-0.006491	-0.010873	0.003284	-0.003700	0.010068	-0.004622	-0.017910	-0.001676	-0.008688	-0.018233	-0.011685	-0.013604	-0.000359	0.000318	-0.001810	-0.008407	-0.009076	0.000531	-0.001212	0.010528	-0.016950	-0.009572	-0.008805	-0.010056	-0.000061	0.000290	-0.018665	-0.005343	-0.013910	-0.004937	0.004833	-0.010819	-0.015984	-0.011964	-0.001294	0.001358	-0.017203	-0.013906	
-0.009785	0.553920	-0.002120	0.013496	0.003274	-0.006522	0.014201	-0.005459	-0.000461	0.001734	-0.005443	0.004568	0.008588	-0.018777	-0.009821	-0.000710	-0.005827	-0.000545	-0.000350	0.003931	-0.007929	0.005576	-0.002039	-0.010526	-0.001708	-0.006612	-0.006313	-0.011484	-0.008947	0.002600	0.016761	-0.010066	-0.009875	-0.007239	-0.008496	-0.002063	-0.006648	0.000945	-0.003716	-0.019448	-0.005066	-0.008239	-0.005698	-0.008717	-0.006941	-0.000461	-0.011825	-0.011500	-0.008951	-0.018366	-0.013874	-0.005054	-0.012665	-0.010604	-0.009291	-0.001411	-0.005883	-0.000029	-0.009285	0.003302	0.009411	-0.006939	0.000804	-0.011753	-0.004670	
-0.004568	-0.002120	0.548161	-0.008698	0.004967	-0.008484	-0.002381	-0.002592	0.027599	0.002644	-0.003620	0.007827	-0.001728	-0.011602	-0.003821	0.005029	-0.005831	0.007413	0.008000	0.003666	-0.011197	-0.009962	-0.005959	-0.011705	-0.004845	-0.008966	-0.008014	-0.010052	-0.006602	0.009383	0.004226	-0.005893	-0.007269	-0.004240	-0.011371	-0.010421	0.001441	0.004204	0.007636	-0.004572	-0.011857	-0.001585	-0.017450	-0.023210	-0.008642	-0.011430	-0.017573	-0.013984	-0.017048	-0.018109	-0.011528	-0.004797	-0.006273	-0.014133	-0.006423	-0.000501	0.002728	0.002839	-0.000413	-0.006100	0.007841	-0.007857	0.004063	-0.007841	-0.002325	
-0.007488	0.013496	-0.008698	0.597570	-0.002391	0.004260	0.007622	-0.005250	0.000401	-0.000668	0.001292	0.000469	-0.007650	-0.009562	-0.002302	-0.007419	-0.007576	0.002927	-0.001447	0.006228	-0.010331	-0.008313	-0.013056	-0.007706	0.008291	-0.000529	-0.009628	-0.002660	-0.014221	0.001764	0.004047	-0.012468	-0.013582	0.000150	-0.012855	0.017856	-0.009833	-0.011377	0.004586	-0.009972	0.006499	-0.000981	-0.002096	-0.011901	0.001230	-0.003385	-0.009136	-0.016121	-0.009395	-0.006801	-0.014709	-0.018159	-0.011411	-0.010656	-0.005036	-0.013341	0.003333	-0.000473	-0.007510	-0.010978	-0.002389	-0.008949	-0.006166	-0.002668	-0.013990	
-0.000871	0.003274	0.004967	-0.002391	0.580179	-0.001784	-0.012781	-0.001636	-0.003556	0.003861	-0.002142	-0.005184	-0.006907	0.002146	0.000660	-0.007459	-0.011010	0.005758	0.001124	0.000706	-0.005281	-0.006395	-0.009180	-0.004614	0.004857	-0.010751	-0.008885	-0.007791	-0.004602	-0.009241	-0.000039	-0.008461	-0.003311	-0.002632	-0.007413	0.010897	-0.010265	-0.002280	0.005459	-0.005574	-0.004114	0.001459	-0.004485	-0.009984	-0.003640	0.002188	-0.010873	-0.010679	-0.002517	-0.014542	-0.009397	-0.012195	-0.009624	-0.001168	-0.006381	-0.006855	-0.017332	-0.013827	-0.007811	-0.009060	-0.000471	-0.005726	-0.005032	-0.010932	0.001634	
0.001081	-0.006522	-0.008484	0.004260	-0.001784	0.569713	0.014624	-0.010387	-0.007608	-0.006457	0.007903	-0.011325	0.007445	-0.001124	-0.004176	-0.004333	-0.009188	-0.002602	-0.009847	0.005138	-0.006592	0.007566	-0.007751	-0.015323	-0.004809	0.000599	-0.016201	-0.005839	-0.000431	-0.012510	0.000999	-0.007684	-0.007363	-0.005379	-0.008725	-0.007644	0.003174	-0.014426	0.001798	-0.004797	-0.010516	-0.004552	-0.012323	-0.006465	-0.005212	-0.000429	-0.010096	-0.007943	-0.009964	-0.014940	-0.013711	-0.006849	-0.000624	-0.014357	0.019980	-0.002815	0.003417	0.002091	-0.005337	-0.011154	-0.010136	-0.000903	0.007755	-0.003758	-0.011295	
-0.005999	0.014201	-0.002381	0.007622	-0.012781	0.014624	0.716040	-0.001021	-0.000200	-0.003618	0.000431	0.008222	-0.003421	-0.012120	0.000752	-0.002537	-0.011179	-0.013468	-0.001917	-0.003118	0.000686	-0.001995	0.001093	-0.017052	0.003774	-0.007526	-0.008923	-0.007829	-0.001377	0.003383	-0.001513	-0.003278	0.001742	-0.015070	-0.017502	-0.003499	-0.017091	-0.010411	0.004768	-0.015663	-0.004935	-0.014112	-0.011703	-0.004540	-0.002764	-0.003594	-0.009215	-0.013197	-0.020569	-0.010142	-0.016354	-0.004531	-0.013709	-0.019741	0.007939	-0.011592	-0.000792	-0.006817	0.000636	-0.007662	-0.007427	-0.015163	-0.004156	-0.012406	-0.010283	
0.009062	-0.005459	-0.002592	-0.005250	-0.001636	-0.010387	-0.001021	0.668206	-0.002760	-0.013488	-0.008004	-0.016137	-0.019948	0.003071	-0.002853	-0.008622	-0.001730	-0.008066	0.003224	-0.007767	0.013920	-0.004947	0.002318	-0.001600	-0.007793	-0.010478	-0.002477	0.005274	0.010030	-0.000483	0.000495	0.019615	0.009755	-0.001837	-0.001527	-0.008931	-0.018868	-0.021065	-0.001839	-0.007128	-0.000316	-0.008058	0.000487	-0.015323	-0.012634	-0.004588	-0.006032	-0.010536	-0.010468	-0.008395	-0.003642	-0.010877	0.005660	-0.002592	-0.012373	-0.008279	-0.007008	-0.007158	-0.006624	-0.010353	-0.016384	-0.007803	-0.018464	-0.017577	-0.006839	
-0.004214	-0.000461	0.027599	0.000401	-0.003556	-0.007608	-0.000200	-0.002760	0.549314	0.012265	-0.008357	0.005309	-0.009729	-0.013468	-0.007775	0.010082	-0.014223	-0.004764	0.004437	0.001278	-0.005230	-0.003865	-0.006520	-0.011873	0.004515	-0.005088	-0.010924	-0.015572	-0.000505	0.014827	0.002099	0.001770	-0.010309	-0.007672	-0.012454	-0.006544	-0.013869	-0.013586	-0.004150	-0.005262	-0.004455	0.000726	-0.005871	-0.006540	-0.007245	-0.002331	-0.012259	-0.017155	-0.013301	-0.011229	0.004881	-0.011492	0.002304	-0.005817	-0.002676	-0.004716	-0.009841	0.002017	-0.002670	-0.007182	0.000754	-0.015335	-0.005895	-0.002527	-0.010847	
-0.000192	0.001734	0.002644	-0.000668	0.003861	-0.006457	-0.003618	-0.013488	0.012265	0.571408	0.017203	0.002282	-0.004531	-0.006182	-0.014195	0.005489	-0.006937	0.014791	0.010156	0.005431	-0.008779	0.002899	-0.015028	-0.002630	-0.002035	-0.003023	-0.015255	-0.000194	-0.005881	-0.001122	-0.007323	-0.007130	-0.001326	-0.014092	-0.001905	0.003222	-0.007759	-0.005256	0.005616	-0.010377	-0.010223	-0.005042	-0.018426	-0.002648	-0.001917	-0.002355	-0.023378	-0.011044	-0.015283	-0.019085	-0.014984	-0.001596	-0.016908	-0.001142	-0.007269	0.001917	-0.000075	-0.001531	-0.015356	-0.016083	0.000730	-0.004395	-0.000437	-0.009600	-0.011785	
-0.009196	-0.005443	-0.003620	0.001292	-0.002142	0.007903	0.000431	-0.008004	-0.008357	0.017203	0.571155	-0.004895	-0.016277	0.003349	-0.012365	-0.015655	-0.008763	0.005787	-0.007724	0.006869	-0.003556	-0.002059	-0.010588	-0.007457	-0.003600	-0.001455	-0.010685	0.004768	-0.011231	0.006582	0.000642	-0.010783	-0.017249	-0.007172	-0.005558	0.010664	-0.012586	-0.006299	0.005618	-0.000063	-0.004869	0.006186	-0.009156	-0.010086	-0.005570	-0.002353	-0.001708	0.000445	-0.014368	-0.008901	-0.012632	-0.008903	-0.009596	-0.011060	-0.002306	-0.011134	-0.014693	0.020400	0.005793	-0.013078	-0.007753	-0.017707	0.002045	-0.007118	-0.005779	
-0.002841	0.004568	0.007827	0.000469	-0.005184	-0.011325	0.008222	-0.016137	0.005309	0.002282	-0.004895	0.569166	0.002740	-0.003479	-0.002616	-0.000945	-0.008803	0.003266	-0.020818	0.014269	-0.013255	0.002730	-0.013239	-0.004756	0.003800	-0.000973	-0.014510	-0.017984	-0.005919	-0.001812	0.000471	-0.019438	-0.005803	-0.001861	-0.010036	0.007230	0.002124	-0.002553	0.001401	-0.001931	-0.003995	-0.010562	-0.013373	-0.017436	0.000786	-0.012444	-0.019892	-0.012649	-0.007098	-0.024736	-0.004319	-0.002678	-0.007809	-0.016713	-0.000780	-0.003734	0.008502	-0.006530	0.000531	-0.007245	-0.003355	-0.003389	-0.003608	0.005112	0.007234	
-0.010046	0.008588	-0.001728	-0.007650	-0.006907	0.007445	-0.003421	-0.019948	-0.009729	-0.004531	-0.016277	0.002740	0.572717	-0.007291	-0.006166	-0.005801	-0.007785	-0.008508	-0.001786	-0.009905	-0.017458	-0.009305	0.000963	-0.001128	-0.011106	0.031242	-0.006182	-0.007829	0.000190	-0.012934	-0.004907	-0.007194	-0.004262	-0.003975	-0.007321	-0.008851	0.078980	-0.013544	-0.009068	-0.011616	-0.007285	-0.012024	-0.007134	-0.009630	-0.018167	-0.022129	-0.026967	-0.023639	-0.010909	-0.026720	-0.024708	-0.008056	-0.012273	-0.008124	-0.001067	0.008118	0.001296	-0.011516	0.002463	0.018183	-0.007688	0.008333	0.012030	0.018530	0.016737	
0.022633	-0.018777	-0.011602	-0.009562	0.002146	-0.001124	-0.012120	0.003071	-0.013468	-0.006182	0.003349	-0.003479	-0.007291	0.613888	-0.011341	0.000119	0.003879	-0.000499	-0.012835	-0.009598	0.010913	-0.002080	0.003750	-0.007608	-0.008058	-0.012440	-0.004831	0.005140	-0.004463	0.002124	-0.000814	-0.004407	-0.002650	-0.017113	-0.000879	-0.000190	-0.002164	-0.009582	0.002596	0.003310	0.004379	0.008516	-0.006566	-0.006843	0.008247	-0.003939	-0.021960	-0.004274	-0.009297	-0.008399	-0.009128	-0.012839	-0.004525	0.000668	-0.001674	-0.015593	-0.004923	-0.004813	-0.011980	-0.015317	-0.008686	-0.008851	-0.009331	-0.015623	-0.012064	
-0.009136	-0.009821	-0.003821	-0.002302	0.000660	-0.004176	0.000752	-0.002853	-0.007775	-0.014195	-0.012365	-0.002616	-0.006166	-0.011341	0.558342	-0.007893	-0.008311	-0.011383	-0.008056	-0.009387	-0.006236	-0.007090	-0.001521	-0.003090	-0.004453	0.004740	0.047593	-0.002873	-0.000075	-0.002234	-0.007391	-0.005893	-0.005833	0.006463	-0.007978	-0.004939	-0.005999	0.054850	-0.012335	-0.007182	-0.011205	-0.005501	0.004088	-0.014986	-0.003682	0.005801	-0.012482	-0.014898	-0.010130	-0.006753	-0.004088	-0.000228	-0.004837	-0.003429	0.005977	-0.002981	-0.011369	-0.008648	-0.021559	-0.010146	-0.012783	-0.016733	-0.008206	-0.002359	-0.006371	
0.003760	-0.000710	0.005029	-0.007419	-0.007459	-0.004333	-0.002537	-0.008622	0.010082	0.005489	-0.015655	-0.000945	-0.005801	0.000119	-0.007893	0.577296	-0.004029	0.000338	-0.004819	-0.001712	0.002614	0.005284	0.000411	-0.002463	-0.003435	-0.005206	-0.005429	-0.004596	-0.001929	0.002700	0.002503	0.000738	0.002104	-0.008574	-0.004349	-0.010578	0.000370	-0.005220	-0.010795	-0.010472	-0.014233	-0.001351	-0.009253	-0.017101	-0.006188	-0.010150	-0.016946	-0.018448	-0.021643	-0.020615	-0.010510	-0.006128	-0.003558	-0.007893	0.000338	-0.009142	-0.006174	0.005423	0.002041	0.000140	-0.002889	-0.003184	0.001818	-0.001341	-0.008225	
0.006084	-0.005827	-0.005831	-0.007576	-0.011010	-0.009188	-0.011179	-0.001730	-0.014223	-0.006937	-0.008763	-0.008803	-0.007785	0.003879	-0.008311	-0.004029	0.601470	-0.005170	-0.016593	-0.010614	0.006373	-0.006620	0.019442	-0.003272	0.006851	-0.001316	-0.007544	-0.001098	-0.003130	-0.011032	-0.009401	-0.002290	0.016044	-0.000116	0.008809	-0.016870	-0.010620	-0.005507	-0.008472	0.003469	0.002971	-0.008425	0.003774	-0.018432	-0.000079	-0.009915	-0.016058	-0.006726	-0.019189	-0.002367	0.004084	0.002983	-0.001365	0.005395	-0.005431	-0.007733	0.006722	-0.004915	0.002929	-0.008241	-0.009311	-0.005038	-0.011261	-0.020294	-0.014908	
0.000009	-0.000545	0.007413	0.002927	0.005758	-0.002602	-0.013468	-0.008066	-0.004764	0.014791	0.005787	0.003266	-0.008508	-0.000499	-0.011383	0.000338	-0.005170	0.568034	-0.003871	0.015813	-0.003748	-0.004471	-0.012739	-0.008303	-0.002096	-0.003475	-0.017404	-0.014221	-0.006985	-0.004054	-0.003076	-0.008104	-0.003867	-0.010237	0.004431	0.004467	-0.004164	-0.003620	-0.005801	-0.007435	-0.006628	-0.003796	-0.001648	-0.015239	-0.007198	-0.009203	-0.022394	-0.004317	-0.010514	-0.009747	-0.006168	-0.005180	-0.009528	-0.001724	-0.001716	-0.000363	-0.003921	-0.002244	-0.002885	-0.011313	0.004586	-0.018944	-0.005327	-0.010052	-0.000881	
-0.005148	-0.000350	0.008000	-0.001447	0.001124	-0.009847	-0.001917	0.003224	0.004437	0.010156	-0.007724	-0.020818	-0.001786	-0.012835	-0.008056	-0.004819	-0.016593	-0.003871	0.544534	-0.007226	-0.005381	0.001597	-0.013719	-0.005236	-0.005295	-0.002758	-0.002720	-0.005542	-0.012534	-0.001901	0.001166	-0.001774	-0.005238	0.006405	-0.012996	-0.003692	0.001905	-0.004861	0.003270	-0.002541	-0.003170	0.000184	-0.011373	-0.005254	-0.006612	-0.008225	-0.019458	-0.014434	-0.021023	-0.010074	0.000553	-0.002766	-0.005025	0.005128	0.006963	0.002182	-0.006989	0.001605	-0.003473	-0.002112	0.011307	-0.000606	-0.016358	-0.003722	-0.012173	
-0.006349	0.003931	0.003666	0.006228	0.000706	0.005138	-0.003118	-0.007767	0.001278	0.005431	0.006869	0.014269	-0.009905	-0.009598	-0.009387	-0.001712	-0.010614	0.015813	-0.007226	0.554089	-0.003188	0.004182	-0.006435	-0.010614	0.002250	-0.008267	-0.017366	-0.007656	-0.008383	-0.001405	-0.009303	-0.008066	-0.013096	-0.008371	0.001989	0.004897	-0.006084	-0.003059	-0.001455	-0.011705	-0.012725	-0.008066	-0.002393	-0.020944	-0.007682	-0.007467	-0.025097	-0.002712	-0.012956	-0.015974	-0.001431	-0.005403	-0.009620	-0.015783	-0.003766	-0.001238	-0.001794	-0.002859	-0.001280	0.001517	0.007365	-0.005722	-0.004505	0.000429	-0.003453	
0.001371	-0.007929	-0.011197	-0.010331	-0.005281	-0.006592	0.000686	0.013920	-0.005230	-0.008779	-0.003556	-0.013255	-0.017458	0.010913	-0.006236	0.002614	0.006373	-0.003748	-0.005381	-0.003188	0.580007	-0.009245	0.010160	-0.007072	-0.010915	-0.009554	-0.001945	0.002413	-0.002752	-0.011438	-0.000539	0.002525	0.004543	-0.004698	-0.008305	-0.009705	-0.011679	-0.009699	0.000652	0.002541	0.003610	-0.009223	-0.004985	-0.012703	-0.001790	-0.003925	-0.010460	-0.011179	-0.011893	-0.009560	-0.002065	0.004274	-0.007383	0.007078	-0.008447	0.001782	-0.000863	-0.009889	-0.014054	-0.006166	-0.003451	-0.008315	-0.011536	-0.004644	-0.007220	
-0.008881	0.005576	-0.009962	-0.008313	-0.006395	0.007566	-0.001995	-0.004947	-0.003865	0.002899	-0.002059	0.002730	-0.009305	-0.002080	-0.007090	0.005284	-0.006620	-0.004471	0.001597	0.004182	-0.009245	0.559885	-0.001788	-0.012363	0.010160	0.003429	0.002031	-0.002357	-0.001778	-0.003023	-0.000348	-0.007074	-0.005708	-0.006987	-0.003154	-0.012647	-0.004961	-0.005461	0.007108	-0.002881	-0.007164	-0.001853	-0.007666	-0.012904	-0.010084	0.001226	-0.007267	-0.012946	-0.016271	-0.014199	-0.001353	-0.011590	-0.003407	-0.005001	-0.002644	0.006150	-0.000672	-0.003564	-0.007990	0.001465	-0.006263	-0.009952	-0.013695	-0.014112	-0.014992	
0.008435	-0.002039	-0.005959	-0.013056	-0.009180	-0.007751	0.001093	0.002318	-0.006520	-0.015028	-0.010588	-0.013239	0.000963	0.003750	-0.001521	0.000411	0.019442	-0.012739	-0.013719	-0.006435	0.010160	-0.001788	0.594429	-0.009144	-0.005156	-0.010713	-0.008455	0.004778	-0.009785	-0.011160	-0.006789	0.021468	-0.002750	-0.004552	0.003590	-0.011646	-0.000437	-0.005767	-0.015388	-0.003839	0.008194	-0.002288	-0.002359	-0.007857	0.004491	0.005489	-0.006397	-0.000589	-0.004698	-0.015287	-0.005835	-0.008763	-0.003973	-0.008309	-0.000599	-0.022742	-0.007243	-0.013006	-0.003987	-0.017376	-0.004349	-0.008038	-0.002513	-0.007239	-0.013209	
-0.002923	-0.010526	-0.011705	-0.007706	-0.004614	-0.015323	-0.017052	-0.001600	-0.011873	-0.002630	-0.007457	-0.004756	-0.001128	-0.007608	-0.003090	-0.002463	-0.003272	-0.008303	-0.005236	-0.010614	-0.007072	-0.012363	-0.009144	0.566749	-0.013773	-0.003405	-0.002453	0.000599	0.002483	-0.008160	-0.001439	-0.001899	0.010823	0.008108	0.054756	-0.014129	0.007132	-0.003680	-0.002467	0.003861	-0.001467	-0.005945	-0.001316	-0.006945	0.000182	-0.005869	-0.017755	-0.016125	-0.005614	-0.007327	-0.002443	0.002069	-0.009327	-0.007136	-0.014307	-0.010343	-0.010508	-0.010658	-0.002815	-0.002758	-0.006439	0.007885	-0.009303	-0.001889	-0.005118	
-0.002459	-0.001708	-0.004845	0.008291	0.004857	-0.004809	0.003774	-0.007793	0.004515	-0.002035	-0.003600	0.003800	-0.011106	-0.008058	-0.004453	-0.003435	0.006851	-0.002096	-0.005295	0.002250	-0.010915	0.010160	-0.005156	-0.013773	0.576697	-0.008945	-0.000553	-0.004811	-0.002796	0.003268	0.005290	-0.008875	-0.012861	-0.005526	-0.000126	-0.005702	-0.009895	0.006052	0.002957	-0.004029	0.006568	-0.007700	-0.008423	-0.013269	-0.004315	0.000860	-0.009721	-0.002869	-0.022380	-0.013259	-0.003154	-0.017046	-0.020872	-0.014635	-0.000138	0.000302	-0.010958	-0.010064	-0.007180	-0.007255	-0.002582	-0.007967	-0.009231	-0.004166	-0.005307	
-0.010104	-0.006612	-0.008966	-0.000529	-0.010751	0.000599	-0.007526	-0.010478	-0.005088	-0.003023	-0.001455	-0.000973	0.031242	-0.012440	0.004740	-0.005206	-0.001316	-0.003475	-0.002758	-0.008267	-0.009554	0.003429	-0.010713	-0.003405	-0.008945	0.600940	0.004985	-0.015327	-0.006003	-0.001766	-0.005879	-0.006992	-0.008106	0.000144	-0.006465	-0.006821	0.027362	0.001931	-0.002339	-0.006453	-0.006951	-0.009602	-0.014894	-0.028746	-0.008435	-0.022318	-0.012406	-0.026700	-0.014361	-0.022079	-0.015237	-0.018034	-0.016508	-0.005833	-0.009349	-0.001730	0.009070	0.001087	0.002013	0.006116	-0.005005	0.004881	0.016018	0.014295	0.007542	
-0.012546	-0.006313	-0.008014	-0.009628	-0.008885	-0.016201	-0.008923	-0.002477	-0.010924	-0.015255	-0.010685	-0.014510	-0.006182	-0.004831	0.047593	-0.005429	-0.007544	-0.017404	-0.002720	-0.017366	-0.001945	0.002031	-0.008455	-0.002453	-0.000553	0.004985	0.535305	-0.003672	-0.004791	-0.003033	-0.012759	-0.001471	0.002244	0.007361	-0.003033	-0.010699	-0.002361	0.076241	-0.003214	-0.005110	0.007054	-0.014655	0.001591	-0.006126	-0.000174	-0.004527	-0.013412	-0.008257	-0.013932	-0.012773	-0.001885	-0.003507	-0.001981	-0.000573	-0.005526	0.001832	-0.013996	0.000473	-0.018573	-0.014078	-0.019848	-0.002652	-0.007700	-0.001983	-0.003515	
-0.006491	-0.011484	-0.010052	-0.002660	-0.007791	-0.005839	-0.007829	0.005274	-0.015572	-0.000194	0.004768	-0.017984	-0.007829	0.005140	-0.002873	-0.004596	-0.001098	-0.014221	-0.005542	-0.007656	0.002413	-0.002357	0.004778	0.000599	-0.004811	-0.015327	-0.003672	0.605470	-0.002782	-0.009249	-0.008010	0.000798	0.002686	-0.000551	-0.003766	-0.000989	-0.003746	-0.005291	-0.014129	0.000814	-0.001511	-0.009383	0.008821	0.000973	-0.013307	0.005052	-0.009184	0.000409	-0.000698	-0.003716	-0.002879	0.003461	-0.006369	-0.006658	-0.015135	-0.008168	-0.002590	-0.003262	-0.015520	-0.008676	-0.008050	-0.010434	-0.000863	-0.013159	-0.004770	
-0.010873	-0.008947	-0.006602	-0.014221	-0.004602	-0.000431	-0.001377	0.010030	-0.000505	-0.005881	-0.011231	-0.005919	0.000190	-0.004463	-0.000075	-0.001929	-0.003130	-0.006985	-0.012534	-0.008383	-0.002752	-0.001778	-0.009785	0.002483	-0.002796	-0.006003	-0.004791	-0.002782	0.577500	-0.006582	-0.012391	0.002943	0.014882	-0.006369	0.002947	-0.009678	-0.001863	-0.006279	-0.017597	0.005439	-0.006024	0.003335	-0.011094	-0.004845	-0.005289	0.002758	-0.015655	-0.014546	-0.012651	-0.010578	0.000832	-0.004967	-0.006443	-0.009735	-0.005811	0.002592	-0.007363	-0.000334	-0.005413	-0.004704	-0.005252	-0.000065	0.001935	-0.004226	-0.004584	
0.003284	0.002600	0.009383	0.001764	-0.009241	-0.012510	0.003383	-0.000483	0.014827	-0.001122	0.006582	-0.001812	-0.012934	0.002124	-0.002234	0.002700	-0.011032	-0.004054	-0.001901	-0.001405	-0.011438	-0.003023	-0.011160	-0.008160	0.003268	-0.001766	-0.003033	-0.009249	-0.006582	0.547719	0.007248	-0.010180	-0.003072	-0.014793	-0.011743	0.004088	-0.020990	0.002005	0.008961	-0.012383	0.001477	-0.021667	-0.014297	-0.013139	0.000776	-0.021591	-0.008676	-0.008090	-0.016376	-0.007385	-0.002501	-0.014305	-0.013954	-0.018028	0.002212	-0.014187	0.002879	0.013301	0.001565	0.000838	0.006425	-0.002355	-0.009100	0.003013	-0.006612	
-0.003700	0.016761	0.004226	0.004047	-0.000039	0.000999	-0.001513	0.000495	0.002099	-0.007323	0.000642	0.000471	-0.004907	-0.000814	-0.007391	0.002503	-0.009401	-0.003076	0.001166	-0.009303	-0.000539	-0.000348	-0.006789	-0.001439	0.005290	-0.005879	-0.012759	-0.008010	-0.012391	0.007248	0.556852	-0.008941	-0.008359	-0.009508	-0.011156	0.006110	0.004136	-0.004718	0.003021	-0.000571	-0.002636	-0.008419	-0.014494	-0.019601	-0.008688	0.000533	-0.020360	-0.010506	-0.017747	-0.018808	-0.011183	-0.002493	-0.008277	0.000702	-0.006600	-0.007726	-0.002148	0.004228	-0.018733	-0.005232	-0.006433	-0.004901	-0.004728	-0.008148	0.003634	
0.010068	-0.010066	-0.005893	-0.012468	-0.008461	-0.007684	-0.003278	0.019615	0.001770	-0.007130	-0.010783	-0.019438	-0.007194	-0.004407	-0.005893	0.000738	-0.002290	-0.008104	-0.001774	-0.008066	0.002525	-0.007074	0.021468	-0.001899	-0.008875	-0.006992	-0.001471	0.000798	0.002943	-0.010180	-0.008941	0.555013	-0.002162	-0.000700	-0.001826	-0.010405	-0.005853	0.001740	-0.002399	-0.010168	-0.007795	0.005610	-0.008036	-0.004658	-0.010584	-0.002276	-0.004764	-0.017753	-0.009853	-0.012349	0.004152	0.004487	0.005361	0.000503	-0.010715	-0.008186	-0.012267	-0.000409	-0.003660	-0.006867	-0.006763	0.001557	-0.006885	-0.007564	-0.017581	
-0.004622	-0.009875	-0.007269	-0.013582	-0.003311	-0.007363	0.001742	0.009755	-0.010309	-0.001326	-0.017249	-0.005803	-0.004262	-0.002650	-0.005833	0.002104	0.016044	-0.003867	-0.005238	-0.013096	0.004543	-0.005708	-0.002750	0.010823	-0.012861	-0.008106	0.002244	0.002686	0.014882	-0.003072	-0.008359	-0.002162	0.586842	-0.000118	0.003716	-0.010737	-0.012711	-0.008903	-0.010432	-0.002146	-0.001469	-0.000465	-0.004190	-0.002248	0.009708	-0.004827	-0.020760	-0.008425	-0.012273	-0.011114	-0.009885	-0.002501	-0.004369	-0.011707	-0.006347	-0.002774	0.002152	-0.003481	-0.009082	-0.001716	-0.009705	-0.001515	-0.012699	-0.018077	-0.010472	
-0.017910	-0.007239	-0.004240	0.000150	-0.002632	-0.005379	-0.015070	-0.001837	-0.007672	-0.014092	-0.007172	-0.001861	-0.003975	-0.017113	0.006463	-0.008574	-0.000116	-0.010237	0.006405	-0.008371	-0.004698	-0.006987	-0.004552	0.008108	-0.005526	0.000144	0.007361	-0.000551	-0.006369	-0.014793	-0.009508	-0.000700	-0.000118	0.566062	0.012749	-0.001965	-0.017645	-0.003656	-0.004140	0.003102	0.021400	-0.006313	0.004451	-0.006399	-0.009454	-0.002582	-0.019428	-0.013751	-0.005329	-0.007172	-0.003333	-0.007044	-0.003821	-0.008026	-0.017285	-0.005359	-0.006959	-0.012984	0.005825	0.002226	-0.004327	0.003079	-0.004319	-0.006303	0.000389	
-0.001676	-0.008496	-0.011371	-0.012855	-0.007413	-0.008725	-0.017502	-0.001527	-0.012454	-0.001905	-0.005558	-0.010036	-0.007321	-0.000879	-0.007978	-0.004349	0.008809	0.004431	-0.012996	0.001989	-0.008305	-0.003154	0.003590	0.054756	-0.000126	-0.006465	-0.003033	-0.003766	0.002947	-0.011743	-0.011156	-0.001826	0.003716	0.012749	0.550852	-0.007399	-0.012506	0.000830	-0.008269	-0.000766	-0.009749	-0.005090	-0.005160	-0.012355	-0.000529	0.002166	-0.016378	-0.012267	-0.000712	-0.008038	0.001284	-0.002688	-0.002989	0.000638	-0.010450	-0.002308	-0.004953	-0.015546	-0.007050	-0.006863	-0.006367	-0.012536	-0.012102	-0.004297	-0.003349	
-0.008688	-0.002063	-0.010421	0.017856	0.010897	-0.007644	-0.003499	-0.008931	-0.006544	0.003222	0.010664	0.007230	-0.008851	-0.000190	-0.004939	-0.010578	-0.016870	0.004467	-0.003692	0.004897	-0.009705	-0.012647	-0.011646	-0.014129	-0.005702	-0.006821	-0.010699	-0.000989	-0.009678	0.004088	0.006110	-0.010405	-0.010737	-0.001965	-0.007399	0.580497	-0.011426	-0.001875	0.006387	-0.010259	0.005168	-0.005706	-0.005777	-0.004226	0.002770	0.003899	-0.022868	-0.015625	-0.010466	-0.017008	-0.015910	-0.001085	-0.007391	0.005895	-0.003365	-0.004491	-0.005700	-0.010550	-0.010407	-0.001736	0.004242	-0.001144	-0.014938	-0.003477	0.002822	
-0.018233	-0.006648	0.001441	-0.009833	-0.010265	0.003174	-0.017091	-0.018868	-0.013869	-0.007759	-0.012586	0.002124	0.078980	-0.002164	-0.005999	0.000370	-0.010620	-0.004164	0.001905	-0.006084	-0.011679	-0.004961	-0.000437	0.007132	-0.009895	0.027362	-0.002361	-0.003746	-0.001863	-0.020990	0.004136	-0.005853	-0.012711	-0.017645	-0.012506	-0.011426	0.573384	-0.004501	-0.011642	-0.010014	-0.011948	-0.011074	-0.012450	-0.012857	-0.014084	-0.006038	-0.020012	-0.018512	-0.016225	-0.028903	-0.001045	-0.005148	0.000947	-0.011351	-0.007166	0.008676	0.002768	-0.014874	0.006285	0.020569	-0.017703	0.015287	0.013110	0.009821	0.005025	
-0.011685	0.000945	0.004204	-0.011377	-0.002280	-0.014426	-0.010411	-0.021065	-0.013586	-0.005256	-0.006299	-0.002553	-0.013544	-0.009582	0.054850	-0.005220	-0.005507	-0.003620	-0.004861	-0.003059	-0.009699	-0.005461	-0.005767	-0.003680	0.006052	0.001931	0.076241	-0.005291	-0.006279	0.002005	-0.004718	0.001740	-0.008903	-0.003656	0.000830	-0.001875	-0.004501	0.557547	-0.010054	-0.004901	-0.006965	-0.011966	-0.002377	-0.016751	-0.005578	-0.005102	-0.021165	-0.004132	-0.008632	-0.026139	0.004068	-0.006040	0.001360	-0.007674	-0.007666	-0.011142	-0.004519	-0.009369	-0.007138	-0.004863	-0.008283	-0.004793	-0.008927	-0.014044	-0.010616	
-0.013604	-0.003716	0.007636	0.004586	0.005459	0.001798	0.004768	-0.001839	-0.004150	0.005616	0.005618	0.001401	-0.009068	0.002596	-0.012335	-0.010795	-0.008472	-0.005801	0.003270	-0.001455	0.000652	0.007108	-0.015388	-0.002467	0.002957	-0.002339	-0.003214	-0.014129	-0.017597	0.008961	0.003021	-0.002399	-0.010432	-0.004140	-0.008269	0.006387	-0.011642	-0.010054	0.574147	0.004535	0.000383	-0.001224	-0.013173	-0.015669	0.006339	0.000810	-0.016036	-0.028895	-0.020733	-0.016442	-0.013516	0.003397	-0.004736	0.007375	-0.005931	-0.012148	-0.006178	0.004636	-0.008144	-0.016572	-0.005373	-0.006973	-0.008237	-0.005391	-0.007706	
-0.000359	-0.019448	-0.004572	-0.009972	-0.005574	-0.004797	-0.015663	-0.007128	-0.005262	-0.010377	-0.000063	-0.001931	-0.011616	0.003310	-0.007182	-0.010472	0.003469	-0.007435	-0.002541	-0.011705	0.002541	-0.002881	-0.003839	0.003861	-0.004029	-0.006453	-0.005110	0.000814	0.005439	-0.012383	-0.000571	-0.010168	-0.002146	0.003102	-0.000766	-0.010259	-0.010014	-0.004901	0.004535	0.568130	-0.002688	0.005104	0.003337	0.003190	-0.001039	-0.010745	-0.003574	-0.003248	-0.012709	-0.003457	-0.001314	0.001893	-0.001933	-0.001178	-0.004564	-0.000338	-0.015384	-0.010705	-0.006907	-0.002804	-0.008966	-0.008608	-0.014179	0.001589	-0.002292	
0.000318	-0.005066	-0.011857	0.006499	-0.004114	-0.010516	-0.004935	-0.000316	-0.004455	-0.010223	-0.004869	-0.003995	-0.007285	0.004379	-0.011205	-0.014233	0.002971	-0.006628	-0.003170	-0.012725	0.003610	-0.007164	0.008194	-0.001467	0.006568	-0.006951	0.007054	-0.001511	-0.006024	0.001477	-0.002636	-0.007795	-0.001469	0.021400	-0.009749	0.005168	-0.011948	-0.006965	0.000383	-0.002688	0.578408	-0.015496	0.003883	-0.003704	-0.003887	-0.005108	-0.012687	-0.000875	-0.012163	-0.010612	-0.013038	-0.006829	-0.002823	-0.002851	-0.015765	-0.010104	-0.003351	-0.010681	-0.008972	-0.007218	-0.008680	-0.008323	-0.005540	-0.002955	-0.007490	
-0.001810	-0.008239	-0.001585	-0.000981	0.001459	-0.004552	-0.014112	-0.008058	0.000726	-0.005042	0.006186	-0.010562	-0.012024	0.008516	-0.005501	-0.001351	-0.008425	-0.003796	0.000184	-0.008066	-0.009223	-0.001853	-0.002288	-0.005945	-0.007700	-0.009602	-0.014655	-0.009383	0.003335	-0.021667	-0.008419	0.005610	-0.000465	-0.006313	-0.005090	-0.005706	-0.011074	-0.011966	-0.001224	0.005104	-0.015496	0.653694	0.006062	-0.010010	0.011867	0.043149	-0.013771	-0.006789	-0.004240	-0.006998	0.004021	-0.004128	0.001314	0.000764	-0.004580	-0.008839	-0.023623	-0.002367	-0.017757	-0.015874	-0.004674	-0.010060	-0.009496	-0.018790	-0.020974	
-0.008407	-0.005698	-0.017450	-0.002096	-0.004485	-0.012323	-0.011703	0.000487	-0.005871	-0.018426	-0.009156	-0.013373	-0.007134	-0.006566	0.004088	-0.009253	0.003774	-0.001648	-0.011373	-0.002393	-0.004985	-0.007666	-0.002359	-0.001316	-0.008423	-0.014894	0.001591	0.008821	-0.011094	-0.014297	-0.014494	-0.008036	-0.004190	0.004451	-0.005160	-0.005777	-0.012450	-0.002377	-0.013173	0.003337	0.003883	0.006062	0.663334	0.007542	-0.007130	0.000525	0.009524	0.005019	0.019446	0.024651	-0.005839	0.001154	-0.002672	-0.007399	-0.006477	-0.016089	-0.012468	-0.006875	-0.009213	-0.009156	-0.018711	-0.013002	-0.019486	-0.013769	-0.009688	
-0.009076	-0.008717	-0.023210	-0.011901	-0.009984	-0.006465	-0.004540	-0.015323	-0.006540	-0.002648	-0.010086	-0.017436	-0.009630	-0.006843	-0.014986	-0.017101	-0.018432	-0.015239	-0.005254	-0.020944	-0.012703	-0.012904	-0.007857	-0.006945	-0.013269	-0.028746	-0.006126	0.000973	-0.004845	-0.013139	-0.019601	-0.004658	-0.002248	-0.006399	-0.012355	-0.004226	-0.012857	-0.016751	-0.015669	0.003190	-0.003704	-0.010010	0.007542	0.718093	-0.004144	0.001031	0.065897	0.100552	0.067204	0.056485	-0.008988	-0.005258	-0.011564	-0.004805	-0.032991	-0.013363	-0.025145	-0.014070	-0.013406	-0.012175	-0.021207	-0.016151	-0.012062	-0.014177	-0.003047	
0.000531	-0.006941	-0.008642	0.001230	-0.003640	-0.005212	-0.002764	-0.012634	-0.007245	-0.001917	-0.005570	0.000786	-0.018167	0.008247	-0.003682	-0.006188	-0.000079	-0.007198	-0.006612	-0.007682	-0.001790	-0.010084	0.004491	0.000182	-0.004315	-0.008435	-0.000174	-0.013307	-0.005289	0.000776	-0.008688	-0.010584	0.009708	-0.009454	-0.000529	0.002770	-0.014084	-0.005578	0.006339	-0.001039	-0.003887	0.011867	-0.007130	-0.004144	0.639043	0.018079	-0.016259	-0.010713	-0.000855	-0.005570	-0.000947	-0.016275	-0.014880	-0.002768	-0.010331	-0.017984	0.004694	-0.010729	0.004425	-0.006875	-0.016299	-0.020902	-0.017988	-0.006136	-0.005449	
-0.001212	-0.000461	-0.011430	-0.003385	0.002188	-0.000429	-0.003594	-0.004588	-0.002331	-0.002355	-0.002353	-0.012444	-0.022129	-0.003939	0.005801	-0.010150	-0.009915	-0.009203	-0.008225	-0.007467	-0.003925	0.001226	0.005489	-0.005869	0.000860	-0.022318	-0.004527	0.005052	0.002758	-0.021591	0.000533	-0.002276	-0.004827	-0.002582	0.002166	0.003899	-0.006038	-0.005102	0.000810	-0.010745	-0.005108	0.043149	0.000525	0.001031	0.018079	0.668097	-0.005863	-0.003971	-0.004556	-0.003658	0.000704	-0.006271	-0.005397	0.016635	-0.016643	-0.010199	-0.024852	-0.015343	-0.017159	-0.020758	-0.018434	-0.021862	-0.010594	-0.021193	-0.027686	
0.010528	-0.011825	-0.017573	-0.009136	-0.010873	-0.010096	-0.009215	-0.006032	-0.012259	-0.023378	-0.001708	-0.019892	-0.026967	-0.021960	-0.012482	-0.016946	-0.016058	-0.022394	-0.019458	-0.025097	-0.010460	-0.007267	-0.006397	-0.017755	-0.009721	-0.012406	-0.013412	-0.009184	-0.015655	-0.008676	-0.020360	-0.004764	-0.020760	-0.019428	-0.016378	-0.022868	-0.020012	-0.021165	-0.016036	-0.003574	-0.012687	-0.013771	0.009524	0.065897	-0.016259	-0.005863	0.973769	0.083999	0.101036	0.144618	-0.002045	0.001162	-0.009974	-0.016398	-0.002031	-0.024957	-0.037652	-0.028274	-0.020300	-0.031991	-0.007477	-0.024220	-0.023655	-0.035821	-0.020645	
-0.016950	-0.011500	-0.013984	-0.016121	-0.010679	-0.007943	-0.013197	-0.010536	-0.017155	-0.011044	0.000445	-0.012649	-0.023639	-0.004274	-0.014898	-0.018448	-0.006726	-0.004317	-0.014434	-0.002712	-0.011179	-0.012946	-0.000589	-0.016125	-0.002869	-0.026700	-0.008257	0.000409	-0.014546	-0.008090	-0.010506	-0.017753	-0.008425	-0.013751	-0.012267	-0.015625	-0.018512	-0.004132	-0.028895	-0.003248	-0.000875	-0.006789	0.005019	0.100552	-0.010713	-0.003971	0.083999	0.787366	0.062333	0.057226	-0.009813	-0.005431	-0.016175	-0.009546	-0.011104	-0.022412	-0.021272	-0.021031	-0.005746	-0.018352	-0.012634	-0.007317	-0.011974	-0.028186	-0.014707	
-0.009572	-0.008951	-0.017048	-0.009395	-0.002517	-0.009964	-0.020569	-0.010468	-0.013301	-0.015283	-0.014368	-0.007098	-0.010909	-0.009297	-0.010130	-0.021643	-0.019189	-0.010514	-0.021023	-0.012956	-0.011893	-0.016271	-0.004698	-0.005614	-0.022380	-0.014361	-0.013932	-0.000698	-0.012651	-0.016376	-0.017747	-0.009853	-0.012273	-0.005329	-0.000712	-0.010466	-0.016225	-0.008632	-0.020733	-0.012709	-0.012163	-0.004240	0.019446	0.067204	-0.000855	-0.004556	0.101036	0.062333	0.774848	0.067084	-0.006742	-0.004058	-0.013627	-0.005431	-0.005684	-0.021952	-0.012458	-0.011695	-0.018470	-0.022852	-0.003560	-0.018344	-0.020521	-0.018197	-0.011375	
-0.008805	-0.018366	-0.018109	-0.006801	-0.014542	-0.014940	-0.010142	-0.008395	-0.011229	-0.019085	-0.008901	-0.024736	-0.026720	-0.008399	-0.006753	-0.020615	-0.002367	-0.009747	-0.010074	-0.015974	-0.009560	-0.014199	-0.015287	-0.007327	-0.013259	-0.022079	-0.012773	-0.003716	-0.010578	-0.007385	-0.018808	-0.012349	-0.011114	-0.007172	-0.008038	-0.017008	-0.028903	-0.026139	-0.016442	-0.003457	-0.010612	-0.006998	0.024651	0.056485	-0.005570	-0.003658	0.144618	0.057226	0.067084	0.801934	-0.005975	-0.001071	-0.002678	0.003168	-0.006875	-0.007479	-0.011952	-0.017062	-0.023577	-0.021432	-0.020675	-0.024103	-0.015185	-0.029700	-0.009303	
-0.010056	-0.013874	-0.011528	-0.014709	-0.009397	-0.013711	-0.016354	-0.003642	0.004881	-0.014984	-0.012632	-0.004319	-0.024708	-0.009128	-0.004088	-0.010510	0.004084	-0.006168	0.000553	-0.001431	-0.002065	-0.001353	-0.005835	-0.002443	-0.003154	-0.015237	-0.001885	-0.002879	0.000832	-0.002501	-0.011183	0.004152	-0.009885	-0.003333	0.001284	-0.015910	-0.001045	0.004068	-0.013516	-0.001314	-0.013038	0.004021	-0.005839	-0.008988	-0.000947	0.000704	-0.002045	-0.009813	-0.006742	-0.005975	0.560146	0.021304	0.069821	0.033505	-0.003427	-0.014735	-0.012681	-0.007871	-0.008642	-0.013938	-0.014225	-0.008255	-0.010432	-0.001973	-0.004941	
-0.000061	-0.005054	-0.004797	-0.018159	-0.012195	-0.006849	-0.004531	-0.010877	-0.011492	-0.001596	-0.008903	-0.002678	-0.008056	-0.012839	-0.000228	-0.006128	0.002983	-0.005180	-0.002766	-0.005403	0.004274	-0.011590	-0.008763	0.002069	-0.017046	-0.018034	-0.003507	0.003461	-0.004967	-0.014305	-0.002493	0.004487	-0.002501	-0.007044	-0.002688	-0.001085	-0.005148	-0.006040	0.003397	0.001893	-0.006829	-0.004128	0.001154	-0.005258	-0.016275	-0.006271	0.001162	-0.005431	-0.004058	-0.001071	0.021304	0.563315	0.024862	0.028228	-0.014709	-0.005393	-0.005166	0.002646	-0.008829	-0.017518	-0.009452	-0.007267	-0.004483	-0.020434	-0.008000	
0.000290	-0.012665	-0.006273	-0.011411	-0.009624	-0.000624	-0.013709	0.005660	0.002304	-0.016908	-0.009596	-0.007809	-0.012273	-0.004525	-0.004837	-0.003558	-0.001365	-0.009528	-0.005025	-0.009620	-0.007383	-0.003407	-0.003973	-0.009327	-0.020872	-0.016508	-0.001981	-0.006369	-0.006443	-0.013954	-0.008277	0.005361	-0.004369	-0.003821	-0.002989	-0.007391	0.000947	0.001360	-0.004736	-0.001933	-0.002823	0.001314	-0.002672	-0.011564	-0.014880	-0.005397	-0.009974	-0.016175	-0.013627	-0.002678	0.069821	0.024862	0.568114	0.024924	-0.010964	-0.003867	-0.001421	-0.007445	-0.008869	0.001499	-0.024372	-0.008090	-0.006481	-0.002853	-0.005168	
-0.018665	-0.010604	-0.014133	-0.010656	-0.001168	-0.014357	-0.019741	-0.002592	-0.005817	-0.001142	-0.011060	-0.016713	-0.008124	0.000668	-0.003429	-0.007893	0.005395	-0.001724	0.005128	-0.015783	0.007078	-0.005001	-0.008309	-0.007136	-0.014635	-0.005833	-0.000573	-0.006658	-0.009735	-0.018028	0.000702	0.000503	-0.011707	-0.008026	0.000638	0.005895	-0.011351	-0.007674	0.007375	-0.001178	-0.002851	0.000764	-0.007399	-0.004805	-0.002768	0.016635	-0.016398	-0.009546	-0.005431	0.003168	0.033505	0.028228	0.024924	0.614210	-0.017779	-0.008986	-0.013066	-0.010215	-0.018165	-0.002314	-0.014088	-0.015167	-0.016430	-0.000270	-0.002586	
-0.005343	-0.009291	-0.006423	-0.005036	-0.006381	0.019980	0.007939	-0.012373	-0.002676	-0.007269	-0.002306	-0.000780	-0.001067	-0.001674	0.005977	0.000338	-0.005431	-0.001716	0.006963	-0.003766	-0.008447	-0.002644	-0.000599	-0.014307	-0.000138	-0.009349	-0.005526	-0.015135	-0.005811	0.002212	-0.006600	-0.010715	-0.006347	-0.017285	-0.010450	-0.003365	-0.007166	-0.007666	-0.005931	-0.004564	-0.015765	-0.004580	-0.006477	-0.032991	-0.010331	-0.016643	-0.002031	-0.011104	-0.005684	-0.006875	-0.003427	-0.014709	-0.010964	-0.017779	0.581348	-0.004017	0.001953	-0.000286	-0.003407	-0.011966	0.076378	-0.001714	-0.003108	-0.006267	-0.008713	
-0.013910	-0.001411	-0.000501	-0.013341	-0.006855	-0.002815	-0.011592	-0.008279	-0.004716	0.001917	-0.011134	-0.003734	0.008118	-0.015593	-0.002981	-0.009142	-0.007733	-0.000363	0.002182	-0.001238	0.001782	0.006150	-0.022742	-0.010343	0.000302	-0.001730	0.001832	-0.008168	0.002592	-0.014187	-0.007726	-0.008186	-0.002774	-0.005359	-0.002308	-0.004491	0.008676	-0.011142	-0.012148	-0.000338	-0.010104	-0.008839	-0.016089	-0.013363	-0.017984	-0.010199	-0.024957	-0.022412	-0.021952	-0.007479	-0.014735	-0.005393	-0.003867	-0.008986	-0.004017	0.582585	0.005003	0.001067	0.004082	0.029069	0.000587	0.018175	0.018739	0.016625	-0.000832	
-0.004937	-0.005883	0.002728	0.003333	-0.017332	0.003417	-0.000792	-0.007008	-0.009841	-0.000075	-0.014693	0.008502	0.001296	-0.004923	-0.011369	-0.006174	0.006722	-0.003921	-0.006989	-0.001794	-0.000863	-0.000672	-0.007243	-0.010508	-0.010958	0.009070	-0.013996	-0.002590	-0.007363	0.002879	-0.002148	-0.012267	0.002152	-0.006959	-0.004953	-0.005700	0.002768	-0.004519	-0.006178	-0.015384	-0.003351	-0.023623	-0.012468	-0.025145	0.004694	-0.024852	-0.037652	-0.021272	-0.012458	-0.011952	-0.012681	-0.005166	-0.001421	-0.013066	0.001953	0.005003	0.583232	-0.000794	0.021147	0.009455	-0.001013	0.019185	0.001605	0.016329	0.001091	
0.004833	-0.000029	0.002839	-0.000473	-0.013827	0.002091	-0.006817	-0.007158	0.002017	-0.001531	0.020400	-0.006530	-0.011516	-0.004813	-0.008648	0.005423	-0.004915	-0.002244	0.001605	-0.002859	-0.009889	-0.003564	-0.013006	-0.010658	-0.010064	0.001087	0.000473	-0.003262	-0.000334	0.013301	0.004228	-0.000409	-0.003481	-0.012984	-0.015546	-0.010550	-0.014874	-0.009369	0.004636	-0.010705	-0.010681	-0.002367	-0.006875	-0.014070	-0.010729	-0.015343	-0.028274	-0.021031	-0.011695	-0.017062	-0.007871	0.002646	-0.007445	-0.010215	-0.000286	0.001067	-0.000794	0.561222	-0.002891	-0.005576	0.013195	-0.002634	0.003543	0.008477	0.003421	
-0.010819	-0.009285	-0.000413	-0.007510	-0.007811	-0.005337	0.000636	-0.006624	-0.002670	-0.015356	0.005793	0.000531	0.002463	-0.011980	-0.021559	0.002041	0.002929	-0.002885	-0.003473	-0.001280	-0.014054	-0.007990	-0.003987	-0.002815	-0.007180	0.002013	-0.018573	-0.015520	-0.005413	0.001565	-0.018733	-0.003660	-0.009082	0.005825	-0.007050	-0.010407	0.006285	-0.007138	-0.008144	-0.006907	-0.008972	-0.017757	-0.009213	-0.013406	0.004425	-0.017159	-0.020300	-0.005746	-0.018470	-0.023577	-0.008642	-0.008829	-0.008869	-0.018165	-0.003407	0.004082	0.021147	-0.002891	0.605912	0.017279	0.001328	0.015000	0.000292	0.026242	0.016225	
-0.015984	0.003302	-0.006100	-0.010978	-0.009060	-0.011154	-0.007662	-0.010353	-0.007182	-0.016083	-0.013078	-0.007245	0.018183	-0.015317	-0.010146	0.000140	-0.008241	-0.011313	-0.002112	0.001517	-0.006166	0.001465	-0.017376	-0.002758	-0.007255	0.006116	-0.014078	-0.008676	-0.004704	0.000838	-0.005232	-0.006867	-0.001716	0.002226	-0.006863	-0.001736	0.020569	-0.004863	-0.016572	-0.002804	-0.007218	-0.015874	-0.009156	-0.012175	-0.006875	-0.020758	-0.031991	-0.018352	-0.022852	-0.021432	-0.013938	-0.017518	0.001499	-0.002314	-0.011966	0.029069	0.009455	-0.005576	0.017279	0.580031	0.001776	0.024324	0.015882	0.023948	0.020067	
-0.011964	0.009411	0.007841	-0.002389	-0.000471	-0.010136	-0.007427	-0.016384	0.000754	0.000730	-0.007753	-0.003355	-0.007688	-0.008686	-0.012783	-0.002889	-0.009311	0.004586	0.011307	0.007365	-0.003451	-0.006263	-0.004349	-0.006439	-0.002582	-0.005005	-0.019848	-0.008050	-0.005252	0.006425	-0.006433	-0.006763	-0.009705	-0.004327	-0.006367	0.004242	-0.017703	-0.008283	-0.005373	-0.008966	-0.008680	-0.004674	-0.018711	-0.021207	-0.016299	-0.018434	-0.007477	-0.012634	-0.003560	-0.020675	-0.014225	-0.009452	-0.024372	-0.014088	0.076378	0.000587	-0.001013	0.013195	0.001328	0.001776	0.596373	-0.003636	-0.000591	-0.000618	-0.007371	
-0.001294	-0.006939	-0.007857	-0.008949	-0.005726	-0.000903	-0.015163	-0.007803	-0.015335	-0.004395	-0.017707	-0.003389	0.008333	-0.008851	-0.016733	-0.003184	-0.005038	-0.018944	-0.000606	-0.005722	-0.008315	-0.009952	-0.008038	0.007885	-0.007967	0.004881	-0.002652	-0.010434	-0.000065	-0.002355	-0.004901	0.001557	-0.001515	0.003079	-0.012536	-0.001144	0.015287	-0.004793	-0.006973	-0.008608	-0.008323	-0.010060	-0.013002	-0.016151	-0.020902	-0.021862	-0.024220	-0.007317	-0.018344	-0.024103	-0.008255	-0.007267	-0.008090	-0.015167	-0.001714	0.018175	0.019185	-0.002634	0.015000	0.024324	-0.003636	0.561776	0.014255	0.020494	0.022486	
