0.813766	0.076957	0.086399	0.125982	0.014304	0.008020	0.055043	0.143175	0.006568	0.156208	0.077925	0.082332	0.080662	0.083323	-0.066703	-0.067251	-0.076912	0.021146	0.014386	-0.088216	-0.068209	-0.066748	-0.148954	-0.099319	0.008359	-0.066986	-0.080749	0.015158	0.005834	-0.136620	-0.157891	-0.143029	-0.074416	-0.071512	-0.065839	-0.064945	-0.140230	-0.070251	-0.064935	0.004797	-0.142378	-0.082024	-0.082539	-0.074815	-0.065406	-0.058571	-0.057941	0.025388	0.001364	0.024550	-0.000262	0.020909	0.009479	0.012850	0.010077	0.006508	0.015478	0.034757	0.030152	0.039709	0.025989	0.036760	0.029739	0.048709	0.044028	
0.076957	0.848207	0.043434	0.059308	0.006523	0.004085	0.060658	0.077879	0.005113	0.060598	0.105886	0.079449	0.152511	0.089645	-0.069478	-0.074676	-0.058270	0.017172	0.021252	-0.078623	-0.048234	-0.057361	-0.145517	-0.087771	0.020461	-0.048657	-0.071328	0.007117	0.013307	-0.138787	-0.141719	-0.133036	-0.071044	-0.058747	-0.065524	-0.063345	-0.136246	-0.078134	-0.054165	0.020464	-0.128743	-0.087449	-0.072037	-0.077092	-0.068360	-0.069879	-0.065255	0.017091	0.013603	0.015015	0.006788	0.018442	0.009385	0.012882	0.014251	0.014559	0.009456	0.028692	0.028525	0.031429	0.017649	0.046929	0.034390	0.045253	0.036173	
0.086399	0.043434	0.835239	0.073158	0.008215	0.017076	0.061929	0.072111	0.013277	0.098292	0.061459	0.068455	0.036079	0.082633	-0.062455	-0.068869	-0.068769	0.028086	0.018875	-0.083350	-0.062812	-0.064927	-0.139082	-0.082373	0.013843	-0.070916	-0.056770	0.018716	0.009114	-0.135261	-0.132144	-0.132251	-0.066817	-0.070276	-0.080338	-0.073777	-0.133624	-0.076344	-0.063498	0.011870	-0.126518	-0.077733	-0.076072	-0.079625	-0.064355	-0.065693	-0.060167	0.013861	0.026217	0.021177	0.012974	0.027369	0.011909	0.024545	0.017562	0.027333	0.003304	0.040133	0.042723	0.039060	0.054955	0.053928	0.030020	0.054812	0.053548	
0.125982	0.059308	0.073158	0.881585	0.007512	-0.000275	0.075405	0.121473	0.002902	0.128559	0.056084	0.077025	0.066894	0.098091	-0.073564	-0.057456	-0.070158	0.018993	0.014806	-0.074021	-0.062607	-0.074030	-0.150149	-0.088362	0.017752	-0.061319	-0.080354	0.020958	0.007977	-0.137948	-0.146912	-0.145174	-0.080789	-0.061675	-0.074571	-0.066204	-0.137345	-0.073667	-0.061472	0.016205	-0.133745	-0.069115	-0.081581	-0.072083	-0.081655	-0.073346	-0.071892	0.015901	0.018748	0.012852	0.013613	0.017893	0.015588	0.017828	0.013166	0.013158	0.015756	0.023790	0.028881	0.030050	0.029690	0.034550	0.032260	0.041862	0.037598	
0.014304	0.006523	0.008215	0.007512	0.869148	0.137031	0.006300	0.012143	0.122313	0.011731	0.006305	0.005771	0.011704	0.011447	-0.060778	-0.058962	-0.061917	0.044820	0.037155	-0.077953	-0.070366	-0.059616	-0.138149	-0.099754	0.040449	-0.049113	-0.063168	0.028209	0.062951	-0.125808	-0.147624	-0.137533	-0.061433	-0.071091	-0.062221	-0.051559	-0.144469	-0.057295	-0.047852	0.043593	-0.123964	-0.075186	-0.058945	-0.073294	-0.077651	-0.059812	-0.062361	0.038213	0.038543	0.070491	0.055186	0.045999	0.034574	0.041884	0.054028	0.052199	0.045939	0.008302	0.021288	0.010575	0.022433	0.018713	0.020077	0.012257	0.012962	
0.008020	0.004085	0.017076	-0.000275	0.137031	0.849643	0.005206	0.002107	0.174435	0.013595	0.004067	-0.001753	0.002617	-0.002413	-0.062199	-0.060742	-0.067567	0.046072	0.048687	-0.074887	-0.063299	-0.049093	-0.138647	-0.074316	0.050895	-0.047568	-0.058358	0.039499	0.049318	-0.131931	-0.137979	-0.144460	-0.069042	-0.053891	-0.070602	-0.067614	-0.142078	-0.059548	-0.048225	0.041221	-0.122670	-0.073715	-0.064338	-0.068356	-0.068127	-0.070258	-0.061395	0.042643	0.052558	0.038565	0.054178	0.050585	0.050194	0.042061	0.052144	0.049152	0.041398	0.013588	0.011941	0.000760	0.014009	0.016733	0.014252	0.014837	0.024113	
0.055043	0.060658	0.061929	0.075405	0.006300	0.005206	0.860770	0.061901	0.010508	0.066484	0.109746	0.097253	0.085097	0.100951	-0.069316	-0.050350	-0.059983	0.013750	-0.003076	-0.070264	-0.066473	-0.052129	-0.136805	-0.089893	0.004404	-0.059520	-0.059327	0.019045	-0.002419	-0.113292	-0.138039	-0.132850	-0.076516	-0.062781	-0.065865	-0.062498	-0.131304	-0.074356	-0.056025	0.002025	-0.118967	-0.080319	-0.065673	-0.066611	-0.060385	-0.060314	-0.061269	0.011181	0.014688	0.002978	0.011029	0.002302	0.009463	0.020334	0.022452	0.010368	0.017456	0.039806	0.030786	0.033051	0.034837	0.038929	0.028214	0.024523	0.023484	
0.143175	0.077879	0.072111	0.121473	0.012143	0.002107	0.061901	0.832714	0.008829	0.122686	0.040090	0.087926	0.084398	0.090607	-0.074863	-0.073190	-0.070445	0.012521	0.007148	-0.073521	-0.072363	-0.064569	-0.137264	-0.086755	0.017600	-0.069544	-0.080906	0.025512	0.019943	-0.127087	-0.138982	-0.145528	-0.066751	-0.079260	-0.069780	-0.062413	-0.131758	-0.066196	-0.060458	0.020842	-0.139563	-0.088133	-0.082452	-0.074116	-0.070957	-0.077862	-0.081522	0.007159	0.006402	0.020151	0.006727	0.025788	0.012095	0.009640	0.013346	-0.000412	0.018072	0.039104	0.035343	0.032201	0.026715	0.034061	0.040653	0.054964	0.049914	
0.006568	0.005113	0.013277	0.002902	0.122313	0.174435	0.010508	0.008829	0.845596	0.007657	0.012198	0.009987	0.011786	-0.003769	-0.061252	-0.062873	-0.069260	0.040723	0.045286	-0.074256	-0.066953	-0.060725	-0.133956	-0.086370	0.048030	-0.058177	-0.066958	0.019059	0.055260	-0.125057	-0.139609	-0.142691	-0.068301	-0.056010	-0.071492	-0.048779	-0.131054	-0.065555	-0.051486	0.049033	-0.119475	-0.075386	-0.054934	-0.064138	-0.071076	-0.062246	-0.053755	0.040521	0.039515	0.045891	0.054065	0.042574	0.041282	0.062570	0.046304	0.051997	0.038959	0.015962	0.002193	0.017846	0.020150	0.017664	0.015385	0.002299	0.012690	
0.156208	0.060598	0.098292	0.128559	0.011731	0.013595	0.066484	0.122686	0.007657	0.831994	0.062715	0.088659	0.062143	0.101826	-0.067934	-0.064252	-0.068576	0.020211	0.006465	-0.081148	-0.067656	-0.057812	-0.153903	-0.096133	0.006260	-0.072876	-0.068728	0.012822	0.013627	-0.126009	-0.145336	-0.138058	-0.074269	-0.074992	-0.072043	-0.063132	-0.140266	-0.062985	-0.059181	0.012003	-0.131510	-0.077457	-0.071881	-0.074240	-0.063708	-0.066884	-0.058182	0.019219	0.006414	0.008364	0.012027	0.019301	-0.002141	0.008113	0.009310	0.005606	0.002259	0.036019	0.011016	0.030088	0.011912	0.034733	0.023685	0.041062	0.044770	
0.077925	0.105886	0.061459	0.056084	0.006305	0.004067	0.109746	0.040090	0.012198	0.062715	0.815865	0.108762	0.073447	0.101331	-0.061498	-0.059791	-0.068660	0.028172	0.020448	-0.073292	-0.056635	-0.062446	-0.151489	-0.088296	0.010230	-0.068561	-0.069268	0.000585	-0.003291	-0.129054	-0.122181	-0.130569	-0.065710	-0.065103	-0.072840	-0.071739	-0.133977	-0.066002	-0.060023	0.010034	-0.119525	-0.073661	-0.062520	-0.068557	-0.065310	-0.060581	-0.058917	0.022225	0.019765	0.018568	0.008017	0.012418	0.013634	0.011187	0.009250	0.018494	0.005204	0.033620	0.028819	0.034289	0.025528	0.045753	0.034232	0.036745	0.030367	
0.082332	0.079449	0.068455	0.077025	0.005771	-0.001753	0.097253	0.087926	0.009987	0.088659	0.108762	0.863892	0.087225	0.174604	-0.066256	-0.061345	-0.065301	0.026256	0.005473	-0.071978	-0.071272	-0.057403	-0.155673	-0.101447	0.012121	-0.071404	-0.062940	0.000987	0.004511	-0.137067	-0.152330	-0.144730	-0.082958	-0.063223	-0.055339	-0.058452	-0.135834	-0.072976	-0.057078	0.003403	-0.137692	-0.073239	-0.073210	-0.077079	-0.080283	-0.065363	-0.064590	0.013737	0.008411	0.016914	0.013373	0.011663	0.013827	0.005363	0.017354	0.007091	0.021078	0.024991	0.029503	0.029615	0.007992	0.044411	0.017062	0.026576	0.036021	
0.080662	0.152511	0.036079	0.066894	0.011704	0.002617	0.085097	0.084398	0.011786	0.062143	0.073447	0.087225	0.869831	0.094631	-0.072474	-0.071135	-0.061235	0.027476	0.006908	-0.074653	-0.061467	-0.061519	-0.151067	-0.087030	0.012825	-0.062478	-0.071062	0.000989	0.013232	-0.132758	-0.139210	-0.139670	-0.064092	-0.063506	-0.065921	-0.061475	-0.137019	-0.080976	-0.045021	0.008901	-0.130140	-0.070431	-0.083038	-0.070526	-0.082814	-0.063238	-0.068511	0.020042	0.026962	0.013141	-0.004408	0.013806	0.015032	0.009333	0.012242	0.020857	0.017344	0.027918	0.021109	0.029212	0.015961	0.042245	0.034805	0.045243	0.037752	
0.083323	0.089645	0.082633	0.098091	0.011447	-0.002413	0.100951	0.090607	-0.003769	0.101826	0.101331	0.174604	0.094631	0.859632	-0.079398	-0.078821	-0.070657	0.015202	0.013168	-0.073840	-0.073023	-0.064319	-0.137518	-0.088605	0.000468	-0.049592	-0.065833	0.013653	0.001549	-0.133552	-0.139068	-0.142132	-0.070745	-0.066853	-0.079171	-0.072014	-0.130725	-0.073571	-0.069120	0.014362	-0.138144	-0.081434	-0.085397	-0.075528	-0.077964	-0.077066	-0.084927	-0.005206	0.012263	0.016469	-0.001860	0.006477	0.007994	0.006547	0.011064	0.016364	0.029487	0.030027	0.019077	0.048069	0.032677	0.022230	0.037295	0.035118	0.032340	
-0.066703	-0.069478	-0.062455	-0.073564	-0.060778	-0.062199	-0.069316	-0.074863	-0.061252	-0.067934	-0.061498	-0.066256	-0.072474	-0.079398	1.025563	0.166276	0.011269	-0.061352	-0.057365	0.001176	0.025272	0.006628	-0.004631	0.002755	-0.057585	-0.003260	0.042083	-0.069569	-0.049379	0.019976	0.011621	0.003268	0.006493	-0.003453	0.024982	0.033413	0.008354	0.119860	0.016911	-0.064156	0.023053	-0.005464	0.190297	0.121447	0.145474	0.147470	0.163113	-0.054601	-0.063409	-0.068725	-0.057960	-0.049824	-0.066829	-0.050571	-0.066723	-0.074689	-0.055405	-0.048734	-0.061132	-0.047631	-0.045327	-0.056182	-0.061913	-0.065135	-0.046138	
-0.067251	-0.074676	-0.068869	-0.057456	-0.058962	-0.060742	-0.050350	-0.073190	-0.062873	-0.064252	-0.059791	-0.061345	-0.071135	-0.078821	0.166276	1.066640	0.025174	-0.066640	-0.058319	-0.001878	0.038761	0.006860	-0.026698	-0.017988	-0.071370	-0.015004	0.027378	-0.073246	-0.064681	0.000681	-0.012641	-0.009526	-0.004127	0.004294	0.051741	0.030338	0.003922	0.101952	0.017760	-0.057651	-0.010421	-0.012874	0.180190	0.109029	0.139623	0.111160	0.328474	-0.046549	-0.060180	-0.068066	-0.070206	-0.067748	-0.063483	-0.051990	-0.069042	-0.061464	-0.062145	-0.055468	-0.057779	-0.068177	-0.053826	-0.047846	-0.066242	-0.060678	-0.043305	
-0.076912	-0.058270	-0.068769	-0.070158	-0.061917	-0.067567	-0.059983	-0.070445	-0.069260	-0.068576	-0.068660	-0.065301	-0.061235	-0.070657	0.011269	0.025174	1.147615	-0.069429	-0.064098	0.013699	0.108172	0.213639	0.035436	0.013060	-0.064199	-0.003095	0.117563	-0.043138	-0.065136	0.029876	0.035058	0.033951	0.003251	0.003597	0.144029	0.083929	0.031079	0.008958	0.075001	-0.058781	0.018201	0.006988	0.032198	0.008773	0.054298	0.053876	0.019572	-0.051696	-0.064860	-0.052739	-0.071501	-0.060084	-0.064181	-0.065170	-0.062135	-0.067897	-0.059489	-0.060348	-0.043130	-0.056695	-0.060362	-0.079887	-0.034665	-0.050006	-0.088538	
0.021146	0.017172	0.028086	0.018993	0.044820	0.046072	0.013750	0.012521	0.040723	0.020211	0.028172	0.026256	0.027476	0.015202	-0.061352	-0.066640	-0.069429	0.853169	0.047593	-0.079726	-0.059524	-0.057959	-0.137296	-0.073902	0.049117	-0.054538	-0.064716	0.032830	0.050546	-0.130142	-0.134583	-0.137249	-0.068078	-0.072190	-0.063583	-0.050786	-0.132392	-0.056481	-0.053594	0.041542	-0.124546	-0.074819	-0.067022	-0.067942	-0.073925	-0.055699	-0.057296	0.051743	0.048761	0.074621	0.047261	0.048114	0.045568	0.045757	0.046626	0.052456	0.035578	0.034156	0.015804	0.010822	0.006856	0.022998	0.010951	0.009053	0.015626	
0.014386	0.021252	0.018875	0.014806	0.037155	0.048687	-0.003076	0.007148	0.045286	0.006465	0.020448	0.005473	0.006908	0.013168	-0.057365	-0.058319	-0.064098	0.047593	0.865149	-0.096597	-0.059264	-0.048157	-0.128271	-0.064049	0.048243	-0.042714	-0.065819	0.043421	0.058022	-0.124819	-0.127825	-0.133679	-0.065889	-0.061483	-0.067538	-0.056144	-0.125028	-0.045355	-0.049942	0.038188	-0.128971	-0.077736	-0.065936	-0.072829	-0.058108	-0.064254	-0.052206	0.050194	0.051914	0.039773	0.073888	0.041893	0.046888	0.062382	0.042278	0.054427	0.041941	0.016721	0.008503	0.010730	0.015358	0.009545	0.016632	0.015907	0.035917	
-0.088216	-0.078623	-0.083350	-0.074021	-0.077953	-0.074887	-0.070264	-0.073521	-0.074256	-0.081148	-0.073292	-0.071978	-0.074653	-0.073840	0.001176	-0.001878	0.013699	-0.079726	-0.096597	1.235010	0.009364	-0.000527	0.143031	0.203914	-0.075302	0.124815	0.025287	-0.096718	-0.076298	0.138871	0.152131	0.143560	0.103192	0.130795	0.005130	0.014166	0.140039	0.016706	-0.009276	-0.087765	0.146476	0.191933	0.012403	0.013112	0.021999	0.007017	-0.000200	-0.087131	-0.080244	-0.075261	-0.065907	-0.094056	-0.081424	-0.079976	-0.086543	-0.071973	-0.065925	-0.080086	-0.081415	-0.089752	-0.083974	-0.069531	-0.079362	-0.084728	-0.085382	
-0.068209	-0.048234	-0.062812	-0.062607	-0.070366	-0.063299	-0.066473	-0.072363	-0.066953	-0.067656	-0.056635	-0.071272	-0.061467	-0.073023	0.025272	0.038761	0.108172	-0.059524	-0.059264	0.009364	1.102681	0.107527	-0.007782	0.002172	-0.058177	-0.008795	0.090913	-0.056060	-0.055621	0.021077	0.006373	0.007299	0.002185	0.018093	0.160294	0.085303	0.015815	0.028533	0.211205	-0.054415	0.017772	0.005268	0.015557	0.017143	0.044604	0.045767	0.025813	-0.047256	-0.059726	-0.059632	-0.057972	-0.065573	-0.068460	-0.059395	-0.046301	-0.060901	-0.046916	-0.048956	-0.063282	-0.060128	-0.056477	-0.056634	-0.051571	-0.058745	-0.056494	
-0.066748	-0.057361	-0.064927	-0.074030	-0.059616	-0.049093	-0.052129	-0.064569	-0.060725	-0.057812	-0.062446	-0.057403	-0.061519	-0.064319	0.006628	0.006860	0.213639	-0.057959	-0.048157	-0.000527	0.107527	1.133590	0.007231	0.007720	-0.056815	-0.003451	0.097152	-0.066988	-0.067992	0.020501	0.008577	0.000027	0.013414	0.001511	0.111623	0.079252	0.030470	0.012383	0.068069	-0.055202	0.015158	0.006650	0.036105	0.018231	0.046134	0.054470	0.011530	-0.041840	-0.057453	-0.054389	-0.067500	-0.063214	-0.056723	-0.050981	-0.052973	-0.063543	-0.038494	-0.054965	-0.034047	-0.057555	-0.055932	-0.049754	-0.063714	-0.060694	-0.057447	
-0.148954	-0.145517	-0.139082	-0.150149	-0.138149	-0.138647	-0.136805	-0.137264	-0.133956	-0.153903	-0.151489	-0.155673	-0.151067	-0.137518	-0.004631	-0.026698	0.035436	-0.137296	-0.128271	0.143031	-0.007782	0.007231	1.456809	0.203062	-0.131681	0.062818	0.037095	-0.110781	-0.147135	0.466495	0.572440	0.623669	0.109495	0.075306	0.005032	0.014342	0.519211	0.017590	-0.017167	-0.122710	0.483873	0.136483	0.026507	0.033204	0.011511	0.019868	-0.010943	-0.135391	-0.135617	-0.125149	-0.137534	-0.111625	-0.135140	-0.126068	-0.127045	-0.136569	-0.126745	-0.118534	-0.092775	-0.139535	-0.116517	-0.142283	-0.109813	-0.112507	-0.143051	
-0.099319	-0.087771	-0.082373	-0.088362	-0.099754	-0.074316	-0.089893	-0.086755	-0.086370	-0.096133	-0.088296	-0.101447	-0.087030	-0.088605	0.002755	-0.017988	0.013060	-0.073902	-0.064049	0.203914	0.002172	0.007720	0.203062	1.222281	-0.063952	0.119625	0.014686	-0.064404	-0.092602	0.161178	0.200104	0.179223	0.144334	0.117535	0.002573	0.014272	0.158098	0.012528	0.007034	-0.096493	0.175971	0.170834	-0.000237	0.013390	-0.002537	-0.012246	-0.019565	-0.083542	-0.084920	-0.077299	-0.082722	-0.074921	-0.066067	-0.094057	-0.093107	-0.075980	-0.076527	-0.085046	-0.076854	-0.086039	-0.076620	-0.076118	-0.071189	-0.069774	-0.072829	
0.008359	0.020461	0.013843	0.017752	0.040449	0.050895	0.004404	0.017600	0.048030	0.006260	0.010230	0.012121	0.012825	0.000468	-0.057585	-0.071370	-0.064199	0.049117	0.048243	-0.075302	-0.058177	-0.056815	-0.131681	-0.063952	0.880880	-0.051325	-0.061824	0.048278	0.049840	-0.139719	-0.140905	-0.134355	-0.050121	-0.061031	-0.052936	-0.043622	-0.140756	-0.055629	-0.050321	0.057159	-0.119340	-0.091607	-0.063009	-0.051993	-0.062106	-0.068833	-0.067631	0.044091	0.048017	0.059889	0.054393	0.043881	0.047809	0.065446	0.052908	0.044839	0.052021	0.007146	0.013210	0.007648	0.029229	0.009573	0.013531	0.006651	0.015225	
-0.066986	-0.048657	-0.070916	-0.061319	-0.049113	-0.047568	-0.059520	-0.069544	-0.058177	-0.072876	-0.068561	-0.071404	-0.062478	-0.049592	-0.003260	-0.015004	-0.003095	-0.054538	-0.042714	0.124815	-0.008795	-0.003451	0.062818	0.119625	-0.051325	1.172966	0.000117	-0.041079	-0.049276	0.065133	0.039819	0.055745	0.082923	0.150888	0.004183	-0.003545	0.057234	-0.004478	0.003851	-0.060055	0.063788	0.141520	-0.002664	-0.004198	-0.004725	-0.023413	-0.014274	-0.053713	-0.052448	-0.057359	-0.051220	-0.054632	-0.052168	-0.066500	-0.044362	-0.055924	-0.042106	-0.044618	-0.053211	-0.045455	-0.045846	-0.054857	-0.059397	-0.047981	-0.046176	
-0.080749	-0.071328	-0.056770	-0.080354	-0.063168	-0.058358	-0.059327	-0.080906	-0.066958	-0.068728	-0.069268	-0.062940	-0.071062	-0.065833	0.042083	0.027378	0.117563	-0.064716	-0.065819	0.025287	0.090913	0.097152	0.037095	0.014686	-0.061824	0.000117	1.116115	-0.066516	-0.061404	0.048081	0.033509	0.045264	0.026701	0.005223	0.108972	0.054937	0.038985	0.058309	0.079870	-0.058748	0.037239	0.012808	0.058727	0.053532	0.076708	0.053520	0.028265	-0.067993	-0.071906	-0.065282	-0.068059	-0.072617	-0.061708	-0.062918	-0.056518	-0.065613	-0.056542	-0.059655	-0.070502	-0.063069	-0.049090	-0.056893	-0.063706	-0.056197	-0.056713	
0.015158	0.007117	0.018716	0.020958	0.028209	0.039499	0.019045	0.025512	0.019059	0.012822	0.000585	0.000987	0.000989	0.013653	-0.069569	-0.073246	-0.043138	0.032830	0.043421	-0.096718	-0.056060	-0.066988	-0.110781	-0.064404	0.048278	-0.041079	-0.066516	0.988693	0.040857	-0.139229	-0.122640	-0.128331	-0.062799	-0.057942	-0.071144	-0.061501	-0.142612	-0.070214	-0.061905	0.129623	-0.135735	-0.077063	-0.082330	-0.058296	-0.068354	-0.073986	-0.068631	0.033179	0.060664	0.047725	0.039585	0.037746	0.059710	0.030618	0.060610	0.033619	0.039337	0.009918	0.038901	0.006851	0.022026	0.004623	0.036392	0.031399	0.018450	
0.005834	0.013307	0.009114	0.007977	0.062951	0.049318	-0.002419	0.019943	0.055260	0.013627	-0.003291	0.004511	0.013232	0.001549	-0.049379	-0.064681	-0.065136	0.050546	0.058022	-0.076298	-0.055621	-0.067992	-0.147135	-0.092602	0.049840	-0.049276	-0.061404	0.040857	0.851123	-0.123988	-0.137660	-0.144438	-0.065848	-0.065193	-0.054435	-0.052026	-0.142171	-0.046876	-0.050856	0.068198	-0.122232	-0.080196	-0.065791	-0.060905	-0.066636	-0.054682	-0.062288	0.038767	0.055252	0.063899	0.089092	0.061343	0.072771	0.051559	0.053809	0.046677	0.056408	0.014554	0.005287	0.015833	0.002498	0.009119	0.010359	0.006624	0.018442	
-0.136620	-0.138787	-0.135261	-0.137948	-0.125808	-0.131931	-0.113292	-0.127087	-0.125057	-0.126009	-0.129054	-0.137067	-0.132758	-0.133552	0.019976	0.000681	0.029876	-0.130142	-0.124819	0.138871	0.021077	0.020501	0.466495	0.161178	-0.139719	0.065133	0.048081	-0.139229	-0.123988	1.378517	0.492194	0.461811	0.102460	0.079573	0.048513	0.033249	0.457928	0.040272	0.000747	-0.127160	0.499695	0.150739	0.016626	0.052707	0.030789	0.041560	0.010405	-0.114586	-0.134522	-0.120109	-0.135955	-0.127506	-0.136149	-0.121018	-0.137821	-0.131253	-0.127572	-0.115437	-0.126960	-0.126846	-0.141073	-0.114155	-0.128559	-0.123779	-0.138718	
-0.157891	-0.141719	-0.132144	-0.146912	-0.147624	-0.137979	-0.138039	-0.138982	-0.139609	-0.145336	-0.122181	-0.152330	-0.139210	-0.139068	0.011621	-0.012641	0.035058	-0.134583	-0.127825	0.152131	0.006373	0.008577	0.572440	0.200104	-0.140905	0.039819	0.033509	-0.122640	-0.137660	0.492194	1.413690	0.569513	0.107624	0.069351	0.026931	0.013611	0.562396	0.027018	-0.015687	-0.133493	0.477255	0.161535	0.021495	0.046633	0.025714	0.037472	0.007100	-0.140260	-0.132452	-0.134149	-0.140856	-0.134565	-0.136525	-0.136227	-0.132952	-0.131276	-0.118489	-0.128951	-0.111994	-0.134683	-0.119329	-0.135742	-0.133311	-0.121133	-0.137382	
-0.143029	-0.133036	-0.132251	-0.145174	-0.137533	-0.144460	-0.132850	-0.145528	-0.142691	-0.138058	-0.130569	-0.144730	-0.139670	-0.142132	0.003268	-0.009526	0.033951	-0.137249	-0.133679	0.143560	0.007299	0.000027	0.623669	0.179223	-0.134355	0.055745	0.045264	-0.128331	-0.144438	0.461811	0.569513	1.415601	0.087330	0.066682	0.022279	0.022387	0.546207	0.003575	-0.017779	-0.139325	0.476280	0.142336	0.011554	0.029361	0.022217	0.022202	0.003258	-0.131288	-0.135669	-0.130557	-0.137461	-0.133585	-0.128867	-0.134091	-0.123717	-0.125783	-0.125200	-0.116057	-0.123221	-0.117360	-0.114232	-0.120882	-0.119562	-0.109647	-0.129529	
-0.074416	-0.071044	-0.066817	-0.080789	-0.061433	-0.069042	-0.076516	-0.066751	-0.068301	-0.074269	-0.065710	-0.082958	-0.064092	-0.070745	0.006493	-0.004127	0.003251	-0.068078	-0.065889	0.103192	0.002185	0.013414	0.109495	0.144334	-0.050121	0.082923	0.026701	-0.062799	-0.065848	0.102460	0.107624	0.087330	1.171750	0.125014	0.023763	0.018088	0.087535	-0.009025	0.030070	-0.070230	0.103351	0.146700	0.007515	-0.005380	-0.004207	0.012825	-0.012903	-0.071275	-0.058578	-0.069026	-0.060328	-0.063178	-0.061682	-0.081561	-0.048909	-0.063071	-0.059734	-0.062207	-0.065089	-0.067706	-0.070564	-0.058903	-0.055756	-0.054688	-0.066831	
-0.071512	-0.058747	-0.070276	-0.061675	-0.071091	-0.053891	-0.062781	-0.079260	-0.056010	-0.074992	-0.065103	-0.063223	-0.063506	-0.066853	-0.003453	0.004294	0.003597	-0.072190	-0.061483	0.130795	0.018093	0.001511	0.075306	0.117535	-0.061031	0.150888	0.005223	-0.057942	-0.065193	0.079573	0.069351	0.066682	0.125014	1.175957	0.020889	0.015843	0.074549	-0.005360	0.014816	-0.074692	0.080076	0.133328	-0.001623	-0.010753	-0.005291	-0.001270	-0.018740	-0.066063	-0.049936	-0.060130	-0.063779	-0.060618	-0.060469	-0.068048	-0.057492	-0.061688	-0.060511	-0.043519	-0.068029	-0.054052	-0.065241	-0.047858	-0.054052	-0.049003	-0.060014	
-0.065839	-0.065524	-0.080338	-0.074571	-0.062221	-0.070602	-0.065865	-0.069780	-0.071492	-0.072043	-0.072840	-0.055339	-0.065921	-0.079171	0.024982	0.051741	0.144029	-0.063583	-0.067538	0.005130	0.160294	0.111623	0.005032	0.002573	-0.052936	0.004183	0.108972	-0.071144	-0.054435	0.048513	0.026931	0.022279	0.023763	0.020889	1.113246	0.127034	0.028145	0.040581	0.113341	-0.055287	0.025529	0.000398	0.036227	0.037205	0.049975	0.055738	0.041475	-0.057094	-0.075110	-0.069565	-0.063893	-0.070390	-0.078336	-0.069965	-0.060059	-0.068334	-0.062700	-0.068030	-0.064631	-0.049438	-0.067170	-0.059841	-0.064243	-0.066147	-0.058796	
-0.064945	-0.063345	-0.073777	-0.066204	-0.051559	-0.067614	-0.062498	-0.062413	-0.048779	-0.063132	-0.071739	-0.058452	-0.061475	-0.072014	0.033413	0.030338	0.083929	-0.050786	-0.056144	0.014166	0.085303	0.079252	0.014342	0.014272	-0.043622	-0.003545	0.054937	-0.061501	-0.052026	0.033249	0.013611	0.022387	0.018088	0.015843	0.127034	1.139093	0.031823	0.045362	0.058404	-0.058789	0.023488	0.005759	0.049288	0.027148	0.025151	0.044611	0.035611	-0.050587	-0.045308	-0.062101	-0.051273	-0.048164	-0.058735	-0.050546	-0.063162	-0.060504	-0.055054	-0.057967	-0.059932	-0.051002	-0.065699	-0.055668	-0.056107	-0.053301	-0.041921	
-0.140230	-0.136246	-0.133624	-0.137345	-0.144469	-0.142078	-0.131304	-0.131758	-0.131054	-0.140266	-0.133977	-0.135834	-0.137019	-0.130725	0.008354	0.003922	0.031079	-0.132392	-0.125028	0.140039	0.015815	0.030470	0.519211	0.158098	-0.140756	0.057234	0.038985	-0.142612	-0.142171	0.457928	0.562396	0.546207	0.087535	0.074549	0.028145	0.031823	1.408606	0.035858	-0.000119	-0.121537	0.465995	0.150409	0.022523	0.034572	0.005934	0.017747	0.008204	-0.124306	-0.131946	-0.131986	-0.139240	-0.135419	-0.135064	-0.119460	-0.137459	-0.133214	-0.130555	-0.124175	-0.114777	-0.115944	-0.122335	-0.120523	-0.133176	-0.127856	-0.121223	
-0.070251	-0.078134	-0.076344	-0.073667	-0.057295	-0.059548	-0.074356	-0.066196	-0.065555	-0.062985	-0.066002	-0.072976	-0.080976	-0.073571	0.119860	0.101952	0.008958	-0.056481	-0.045355	0.016706	0.028533	0.012383	0.017590	0.012528	-0.055629	-0.004478	0.058309	-0.070214	-0.046876	0.040272	0.027018	0.003575	-0.009025	-0.005360	0.040581	0.045362	0.035858	1.113005	0.031888	-0.055622	0.020563	-0.001833	0.138236	0.192321	0.104464	0.116117	0.116946	-0.064460	-0.060027	-0.075405	-0.058891	-0.074545	-0.059283	-0.062189	-0.069571	-0.064415	-0.059139	-0.053303	-0.066623	-0.064336	-0.049805	-0.062980	-0.067329	-0.059039	-0.065260	
-0.064935	-0.054165	-0.063498	-0.061472	-0.047852	-0.048225	-0.056025	-0.060458	-0.051486	-0.059181	-0.060023	-0.057078	-0.045021	-0.069120	0.016911	0.017760	0.075001	-0.053594	-0.049942	-0.009276	0.211205	0.068069	-0.017167	0.007034	-0.050321	0.003851	0.079870	-0.061905	-0.050856	0.000747	-0.015687	-0.017779	0.030070	0.014816	0.113341	0.058404	-0.000119	0.031888	1.084656	-0.054740	-0.007990	-0.005471	0.035086	0.022357	0.042556	0.029211	0.022773	-0.043329	-0.043022	-0.049976	-0.054630	-0.043492	-0.053500	-0.054076	-0.044071	-0.045901	-0.053816	-0.047010	-0.043700	-0.040430	-0.047260	-0.046928	-0.050653	-0.040192	-0.043363	
0.004797	0.020464	0.011870	0.016205	0.043593	0.041221	0.002025	0.020842	0.049033	0.012003	0.010034	0.003403	0.008901	0.014362	-0.064156	-0.057651	-0.058781	0.041542	0.038188	-0.087765	-0.054415	-0.055202	-0.122710	-0.096493	0.057159	-0.060055	-0.058748	0.129623	0.068198	-0.127160	-0.133493	-0.139325	-0.070230	-0.074692	-0.055287	-0.058789	-0.121537	-0.055622	-0.054740	0.891523	-0.129466	-0.076980	-0.057337	-0.058775	-0.069455	-0.063111	-0.066052	0.045818	0.049515	0.042119	0.053858	0.055541	0.061921	0.052106	0.050812	0.049017	0.043055	0.008050	0.010305	0.012939	0.010416	0.007455	-0.000081	0.001637	0.017928	
-0.142378	-0.128743	-0.126518	-0.133745	-0.123964	-0.122670	-0.118967	-0.139563	-0.119475	-0.131510	-0.119525	-0.137692	-0.130140	-0.138144	0.023053	-0.010421	0.018201	-0.124546	-0.128971	0.146476	0.017772	0.015158	0.483873	0.175971	-0.119340	0.063788	0.037239	-0.135735	-0.122232	0.499695	0.477255	0.476280	0.103351	0.080076	0.025529	0.023488	0.465995	0.020563	-0.007990	-0.129466	1.367360	0.151371	0.011467	0.049961	0.019379	0.031997	0.010657	-0.115135	-0.121265	-0.121675	-0.130457	-0.124624	-0.123697	-0.131072	-0.135136	-0.124422	-0.124503	-0.120812	-0.121878	-0.126362	-0.130268	-0.126544	-0.118909	-0.122377	-0.136363	
-0.082024	-0.087449	-0.077733	-0.069115	-0.075186	-0.073715	-0.080319	-0.088133	-0.075386	-0.077457	-0.073661	-0.073239	-0.070431	-0.081434	-0.005464	-0.012874	0.006988	-0.074819	-0.077736	0.191933	0.005268	0.006650	0.136483	0.170834	-0.091607	0.141520	0.012808	-0.077063	-0.080196	0.150739	0.161535	0.142336	0.146700	0.133328	0.000398	0.005759	0.150409	-0.001833	-0.005471	-0.076980	0.151371	1.185480	0.012251	0.023542	0.003802	0.006285	-0.005255	-0.070153	-0.085243	-0.086894	-0.063554	-0.087428	-0.090237	-0.080663	-0.074581	-0.080470	-0.072023	-0.073096	-0.077059	-0.071261	-0.073850	-0.060008	-0.088226	-0.070745	-0.075346	
-0.082539	-0.072037	-0.076072	-0.081581	-0.058945	-0.064338	-0.065673	-0.082452	-0.054934	-0.071881	-0.062520	-0.073210	-0.083038	-0.085397	0.190297	0.180190	0.032198	-0.067022	-0.065936	0.012403	0.015557	0.036105	0.026507	-0.000237	-0.063009	-0.002664	0.058727	-0.082330	-0.065791	0.016626	0.021495	0.011554	0.007515	-0.001623	0.036227	0.049288	0.022523	0.138236	0.035086	-0.057337	0.011467	0.012251	1.097134	0.140865	0.116987	0.121353	0.185611	-0.062799	-0.070611	-0.079943	-0.064986	-0.069624	-0.064421	-0.077370	-0.076446	-0.070185	-0.075668	-0.055829	-0.070231	-0.059035	-0.067997	-0.058889	-0.074040	-0.058608	-0.069623	
-0.074815	-0.077092	-0.079625	-0.072083	-0.073294	-0.068356	-0.066611	-0.074116	-0.064138	-0.074240	-0.068557	-0.077079	-0.070526	-0.075528	0.121447	0.109029	0.008773	-0.067942	-0.072829	0.013112	0.017143	0.018231	0.033204	0.013390	-0.051993	-0.004198	0.053532	-0.058296	-0.060905	0.052707	0.046633	0.029361	-0.005380	-0.010753	0.037205	0.027148	0.034572	0.192321	0.022357	-0.058775	0.049961	0.023542	0.140865	1.114155	0.133024	0.113717	0.115016	-0.067699	-0.057477	-0.069963	-0.058350	-0.066608	-0.056123	-0.065943	-0.071739	-0.063661	-0.060386	-0.060385	-0.085877	-0.066412	-0.061685	-0.067534	-0.059283	-0.069515	-0.071702	
-0.065406	-0.068360	-0.064355	-0.081655	-0.077651	-0.068127	-0.060385	-0.070957	-0.071076	-0.063708	-0.065310	-0.080283	-0.082814	-0.077964	0.145474	0.139623	0.054298	-0.073925	-0.058108	0.021999	0.044604	0.046134	0.011511	-0.002537	-0.062106	-0.004725	0.076708	-0.068354	-0.066636	0.030789	0.025714	0.022217	-0.004207	-0.005291	0.049975	0.025151	0.005934	0.104464	0.042556	-0.069455	0.019379	0.003802	0.116987	0.133024	1.068643	0.187897	0.148733	-0.061497	-0.059866	-0.081289	-0.058586	-0.063896	-0.070130	-0.063998	-0.067898	-0.066166	-0.070880	-0.064261	-0.069173	-0.059790	-0.053834	-0.067734	-0.070897	-0.068167	-0.063380	
-0.058571	-0.069879	-0.065693	-0.073346	-0.059812	-0.070258	-0.060314	-0.077862	-0.062246	-0.066884	-0.060581	-0.065363	-0.063238	-0.077066	0.147470	0.111160	0.053876	-0.055699	-0.064254	0.007017	0.045767	0.054470	0.019868	-0.012246	-0.068833	-0.023413	0.053520	-0.073986	-0.054682	0.041560	0.037472	0.022202	0.012825	-0.001270	0.055738	0.044611	0.017747	0.116117	0.029211	-0.063111	0.031997	0.006285	0.121353	0.113717	0.187897	1.047748	0.119446	-0.052021	-0.078712	-0.071885	-0.066453	-0.065770	-0.076995	-0.063702	-0.073681	-0.072864	-0.058659	-0.059219	-0.059390	-0.066210	-0.070711	-0.060311	-0.073550	-0.075416	-0.076697	
-0.057941	-0.065255	-0.060167	-0.071892	-0.062361	-0.061395	-0.061269	-0.081522	-0.053755	-0.058182	-0.058917	-0.064590	-0.068511	-0.084927	0.163113	0.328474	0.019572	-0.057296	-0.052206	-0.000200	0.025813	0.011530	-0.010943	-0.019565	-0.067631	-0.014274	0.028265	-0.068631	-0.062288	0.010405	0.007100	0.003258	-0.012903	-0.018740	0.041475	0.035611	0.008204	0.116946	0.022773	-0.066052	0.010657	-0.005255	0.185611	0.115016	0.148733	0.119446	1.017042	-0.054937	-0.065572	-0.071329	-0.068161	-0.060307	-0.061063	-0.049929	-0.061751	-0.060699	-0.059094	-0.048823	-0.046472	-0.070832	-0.071368	-0.054219	-0.061651	-0.063756	-0.059913	
0.025388	0.017091	0.013861	0.015901	0.038213	0.042643	0.011181	0.007159	0.040521	0.019219	0.022225	0.013737	0.020042	-0.005206	-0.054601	-0.046549	-0.051696	0.051743	0.050194	-0.087131	-0.047256	-0.041840	-0.135391	-0.083542	0.044091	-0.053713	-0.067993	0.033179	0.038767	-0.114586	-0.140260	-0.131288	-0.071275	-0.066063	-0.057094	-0.050587	-0.124306	-0.064460	-0.043329	0.045818	-0.115135	-0.070153	-0.062799	-0.067699	-0.061497	-0.052021	-0.054937	0.823679	0.042235	0.044554	0.048544	0.045297	0.051187	0.075084	0.054584	0.028912	0.040593	0.029198	0.010911	0.015399	0.014745	0.020616	0.015496	0.015742	0.012127	
0.001364	0.013603	0.026217	0.018748	0.038543	0.052558	0.014688	0.006402	0.039515	0.006414	0.019765	0.008411	0.026962	0.012263	-0.063409	-0.060180	-0.064860	0.048761	0.051914	-0.080244	-0.059726	-0.057453	-0.135617	-0.084920	0.048017	-0.052448	-0.071906	0.060664	0.055252	-0.134522	-0.132452	-0.135669	-0.058578	-0.049936	-0.075110	-0.045308	-0.131946	-0.060027	-0.043022	0.049515	-0.121265	-0.085243	-0.070611	-0.057477	-0.059866	-0.078712	-0.065572	0.042235	0.945375	0.035340	0.059770	0.055254	0.050435	0.046472	0.042488	0.060111	0.044143	0.006255	0.016506	0.013409	-0.002156	0.013448	0.018401	-0.005372	0.018863	
0.024550	0.015015	0.021177	0.012852	0.070491	0.038565	0.002978	0.020151	0.045891	0.008364	0.018568	0.016914	0.013141	0.016469	-0.068725	-0.068066	-0.052739	0.074621	0.039773	-0.075261	-0.059632	-0.054389	-0.125149	-0.077299	0.059889	-0.057359	-0.065282	0.047725	0.063899	-0.120109	-0.134149	-0.130557	-0.069026	-0.060130	-0.069565	-0.062101	-0.131986	-0.075405	-0.049976	0.042119	-0.121675	-0.086894	-0.079943	-0.069963	-0.081289	-0.071885	-0.071329	0.044554	0.035340	0.860116	0.062166	0.048622	0.060326	0.047063	0.046406	0.059604	0.043492	0.017450	0.030515	0.011513	0.026159	0.027355	0.019286	0.017294	0.006988	
-0.000262	0.006788	0.012974	0.013613	0.055186	0.054178	0.011029	0.006727	0.054065	0.012027	0.008017	0.013373	-0.004408	-0.001860	-0.057960	-0.070206	-0.071501	0.047261	0.073888	-0.065907	-0.057972	-0.067500	-0.137534	-0.082722	0.054393	-0.051220	-0.068059	0.039585	0.089092	-0.135955	-0.140856	-0.137461	-0.060328	-0.063779	-0.063893	-0.051273	-0.139240	-0.058891	-0.054630	0.053858	-0.130457	-0.063554	-0.064986	-0.058350	-0.058586	-0.066453	-0.068161	0.048544	0.059770	0.062166	0.879777	0.041757	0.070181	0.070699	0.047753	0.055464	0.044850	0.015008	-0.000135	0.002380	-0.006475	0.016666	0.007616	0.011874	0.037208	
0.020909	0.018442	0.027369	0.017893	0.045999	0.050585	0.002302	0.025788	0.042574	0.019301	0.012418	0.011663	0.013806	0.006477	-0.049824	-0.067748	-0.060084	0.048114	0.041893	-0.094056	-0.065573	-0.063214	-0.111625	-0.074921	0.043881	-0.054632	-0.072617	0.037746	0.061343	-0.127506	-0.134565	-0.133585	-0.063178	-0.060618	-0.070390	-0.048164	-0.135419	-0.074545	-0.043492	0.055541	-0.124624	-0.087428	-0.069624	-0.066608	-0.063896	-0.065770	-0.060307	0.045297	0.055254	0.048622	0.041757	0.882787	0.057172	0.048915	0.051347	0.046472	0.051853	0.018769	0.027285	0.000429	0.015350	0.007872	0.044736	0.020555	0.007643	
0.009479	0.009385	0.011909	0.015588	0.034574	0.050194	0.009463	0.012095	0.041282	-0.002141	0.013634	0.013827	0.015032	0.007994	-0.066829	-0.063483	-0.064181	0.045568	0.046888	-0.081424	-0.068460	-0.056723	-0.135140	-0.066067	0.047809	-0.052168	-0.061708	0.059710	0.072771	-0.136149	-0.136525	-0.128867	-0.061682	-0.060469	-0.078336	-0.058735	-0.135064	-0.059283	-0.053500	0.061921	-0.123697	-0.090237	-0.064421	-0.056123	-0.070130	-0.076995	-0.061063	0.051187	0.050435	0.060326	0.070181	0.057172	0.871950	0.055304	0.057856	0.061989	0.080738	0.007443	0.011818	0.015839	0.020296	0.013572	0.017294	0.000858	0.016321	
0.012850	0.012882	0.024545	0.017828	0.041884	0.042061	0.020334	0.009640	0.062570	0.008113	0.011187	0.005363	0.009333	0.006547	-0.050571	-0.051990	-0.065170	0.045757	0.062382	-0.079976	-0.059395	-0.050981	-0.126068	-0.094057	0.065446	-0.066500	-0.062918	0.030618	0.051559	-0.121018	-0.136227	-0.134091	-0.081561	-0.068048	-0.069965	-0.050546	-0.119460	-0.062189	-0.054076	0.052106	-0.131072	-0.080663	-0.077370	-0.065943	-0.063998	-0.063702	-0.049929	0.075084	0.046472	0.047063	0.070699	0.048915	0.055304	0.853375	0.045807	0.058058	0.045035	0.005601	0.018068	0.009053	0.022742	0.017353	0.011589	0.014660	0.022142	
0.010077	0.014251	0.017562	0.013166	0.054028	0.052144	0.022452	0.013346	0.046304	0.009310	0.009250	0.017354	0.012242	0.011064	-0.066723	-0.069042	-0.062135	0.046626	0.042278	-0.086543	-0.046301	-0.052973	-0.127045	-0.093107	0.052908	-0.044362	-0.056518	0.060610	0.053809	-0.137821	-0.132952	-0.123717	-0.048909	-0.057492	-0.060059	-0.063162	-0.137459	-0.069571	-0.044071	0.050812	-0.135136	-0.074581	-0.076446	-0.071739	-0.067898	-0.073681	-0.061751	0.054584	0.042488	0.046406	0.047753	0.051347	0.057856	0.045807	0.844125	0.059531	0.049969	0.021094	0.028976	0.013111	0.020363	0.029052	0.030073	0.008102	0.012746	
0.006508	0.014559	0.027333	0.013158	0.052199	0.049152	0.010368	-0.000412	0.051997	0.005606	0.018494	0.007091	0.020857	0.016364	-0.074689	-0.061464	-0.067897	0.052456	0.054427	-0.071973	-0.060901	-0.063543	-0.136569	-0.075980	0.044839	-0.055924	-0.065613	0.033619	0.046677	-0.131253	-0.131276	-0.125783	-0.063071	-0.061688	-0.068334	-0.060504	-0.133214	-0.064415	-0.045901	0.049017	-0.124422	-0.080470	-0.070185	-0.063661	-0.066166	-0.072864	-0.060699	0.028912	0.060111	0.059604	0.055464	0.046472	0.061989	0.058058	0.059531	0.931435	0.044119	0.017835	0.016546	0.013715	0.008899	0.009229	0.006687	0.003116	0.023298	
0.015478	0.009456	0.003304	0.015756	0.045939	0.041398	0.017456	0.018072	0.038959	0.002259	0.005204	0.021078	0.017344	0.029487	-0.055405	-0.062145	-0.059489	0.035578	0.041941	-0.065925	-0.046916	-0.038494	-0.126745	-0.076527	0.052021	-0.042106	-0.056542	0.039337	0.056408	-0.127572	-0.118489	-0.125200	-0.059734	-0.060511	-0.062700	-0.055054	-0.130555	-0.059139	-0.053816	0.043055	-0.124503	-0.072023	-0.075668	-0.060386	-0.070880	-0.058659	-0.059094	0.040593	0.044143	0.043492	0.044850	0.051853	0.080738	0.045035	0.049969	0.044119	0.867552	0.013354	-0.000745	-0.002788	0.023288	0.007009	-0.000778	0.012530	0.014187	
0.034757	0.028692	0.040133	0.023790	0.008302	0.013588	0.039806	0.039104	0.015962	0.036019	0.033620	0.024991	0.027918	0.030027	-0.048734	-0.055468	-0.060348	0.034156	0.016721	-0.080086	-0.048956	-0.054965	-0.118534	-0.085046	0.007146	-0.044618	-0.059655	0.009918	0.014554	-0.115437	-0.128951	-0.116057	-0.062207	-0.043519	-0.068030	-0.057967	-0.124175	-0.053303	-0.047010	0.008050	-0.120812	-0.073096	-0.055829	-0.060385	-0.064261	-0.059219	-0.048823	0.029198	0.006255	0.017450	0.015008	0.018769	0.007443	0.005601	0.021094	0.017835	0.013354	0.854316	0.058125	0.066048	0.063464	0.061861	0.056953	0.054391	0.062580	
0.030152	0.028525	0.042723	0.028881	0.021288	0.011941	0.030786	0.035343	0.002193	0.011016	0.028819	0.029503	0.021109	0.019077	-0.061132	-0.057779	-0.043130	0.015804	0.008503	-0.081415	-0.063282	-0.034047	-0.092775	-0.076854	0.013210	-0.053211	-0.070502	0.038901	0.005287	-0.126960	-0.111994	-0.123221	-0.065089	-0.068029	-0.064631	-0.059932	-0.114777	-0.066623	-0.043700	0.010305	-0.121878	-0.077059	-0.070231	-0.085877	-0.069173	-0.059390	-0.046472	0.010911	0.016506	0.030515	-0.000135	0.027285	0.011818	0.018068	0.028976	0.016546	-0.000745	0.058125	0.923678	0.080321	0.073742	0.051535	0.081741	0.060339	0.047641	
0.039709	0.031429	0.039060	0.030050	0.010575	0.000760	0.033051	0.032201	0.017846	0.030088	0.034289	0.029615	0.029212	0.048069	-0.047631	-0.068177	-0.056695	0.010822	0.010730	-0.089752	-0.060128	-0.057555	-0.139535	-0.086039	0.007648	-0.045455	-0.063069	0.006851	0.015833	-0.126846	-0.134683	-0.117360	-0.067706	-0.054052	-0.049438	-0.051002	-0.115944	-0.064336	-0.040430	0.012939	-0.126362	-0.071261	-0.059035	-0.066412	-0.059790	-0.066210	-0.070832	0.015399	0.013409	0.011513	0.002380	0.000429	0.015839	0.009053	0.013111	0.013715	-0.002788	0.066048	0.080321	0.911221	0.168199	0.066355	0.065918	0.061890	0.053136	
0.025989	0.017649	0.054955	0.029690	0.022433	0.014009	0.034837	0.026715	0.020150	0.011912	0.025528	0.007992	0.015961	0.032677	-0.045327	-0.053826	-0.060362	0.006856	0.015358	-0.083974	-0.056477	-0.055932	-0.116517	-0.076620	0.029229	-0.045846	-0.049090	0.022026	0.002498	-0.141073	-0.119329	-0.114232	-0.070564	-0.065241	-0.067170	-0.065699	-0.122335	-0.049805	-0.047260	0.010416	-0.130268	-0.073850	-0.067997	-0.061685	-0.053834	-0.070711	-0.071368	0.014745	-0.002156	0.026159	-0.006475	0.015350	0.020296	0.022742	0.020363	0.008899	0.023288	0.063464	0.073742	0.168199	0.906644	0.038713	0.056252	0.074924	0.049160	
0.036760	0.046929	0.053928	0.034550	0.018713	0.016733	0.038929	0.034061	0.017664	0.034733	0.045753	0.044411	0.042245	0.022230	-0.056182	-0.047846	-0.079887	0.022998	0.009545	-0.069531	-0.056634	-0.049754	-0.142283	-0.076118	0.009573	-0.054857	-0.056893	0.004623	0.009119	-0.114155	-0.135742	-0.120882	-0.058903	-0.047858	-0.059841	-0.055668	-0.120523	-0.062980	-0.046928	0.007455	-0.126544	-0.060008	-0.058889	-0.067534	-0.067734	-0.060311	-0.054219	0.020616	0.013448	0.027355	0.016666	0.007872	0.013572	0.017353	0.029052	0.009229	0.007009	0.061861	0.051535	0.066355	0.038713	0.862844	0.065034	0.048246	0.049763	
0.029739	0.034390	0.030020	0.032260	0.020077	0.014252	0.028214	0.040653	0.015385	0.023685	0.034232	0.017062	0.034805	0.037295	-0.061913	-0.066242	-0.034665	0.010951	0.016632	-0.079362	-0.051571	-0.063714	-0.109813	-0.071189	0.013531	-0.059397	-0.063706	0.036392	0.010359	-0.128559	-0.133311	-0.119562	-0.055756	-0.054052	-0.064243	-0.056107	-0.133176	-0.067329	-0.050653	-0.000081	-0.118909	-0.088226	-0.074040	-0.059283	-0.070897	-0.073550	-0.061651	0.015496	0.018401	0.019286	0.007616	0.044736	0.017294	0.011589	0.030073	0.006687	-0.000778	0.056953	0.081741	0.065918	0.056252	0.065034	0.919986	0.076074	0.060747	
0.048709	0.045253	0.054812	0.041862	0.012257	0.014837	0.024523	0.054964	0.002299	0.041062	0.036745	0.026576	0.045243	0.035118	-0.065135	-0.060678	-0.050006	0.009053	0.015907	-0.084728	-0.058745	-0.060694	-0.112507	-0.069774	0.006651	-0.047981	-0.056197	0.031399	0.006624	-0.123779	-0.121133	-0.109647	-0.054688	-0.049003	-0.066147	-0.053301	-0.127856	-0.059039	-0.040192	0.001637	-0.122377	-0.070745	-0.058608	-0.069515	-0.068167	-0.075416	-0.063756	0.015742	-0.005372	0.017294	0.011874	0.020555	0.000858	0.014660	0.008102	0.003116	0.012530	0.054391	0.060339	0.061890	0.074924	0.048246	0.076074	0.881377	0.052018	
