0.857636	-0.023869	0.010485	0.043330	0.016427	0.041010	0.011676	0.004552	-0.029276	0.002021	-0.001037	0.002374	0.004719	-0.013207	0.008878	-0.021312	-0.013245	-0.005120	-0.001835	-0.010421	-0.002658	-0.006971	-0.009697	-0.009569	-0.006873	-0.007453	0.002298	0.015069	0.003066	-0.005461	-0.000414	0.018192	-0.015046	-0.013534	-0.002580	-0.060982	-0.015200	-0.001199	0.005707	-0.008512	-0.020866	-0.025518	-0.044639	-0.008418	-0.015076	-0.008547	-0.019956	-0.002092	-0.015963	-0.034635	-0.010867	-0.017935	-0.007157	0.000387	-0.011470	-0.002130	-0.027224	-0.028050	-0.014570	-0.033637	-0.018199	-0.013378	-0.002874	-0.024022	-0.011872	-0.066270	-0.011958	-0.012813	-0.020860	-0.022168	-0.026936	-0.004290	-0.040168	-0.057253	-0.011360	-0.006174	0.003917	-0.026590	-0.029821	0.006378	-0.011783	-0.012874	-0.016563	-0.012383	-0.007898	-0.019137	-0.016843	-0.010956	-0.013304	-0.021261	-0.033176	-0.041606	0.004990	0.023246	
-0.023869	0.966719	-0.007971	0.029173	0.028096	-0.009086	0.001788	-0.024277	0.000634	-0.011387	-0.017115	-0.002769	0.033231	-0.001408	-0.027595	-0.024340	-0.027310	0.001603	-0.038817	-0.035168	-0.038795	0.033875	-0.025967	-0.005077	-0.027843	-0.026787	-0.033052	0.017790	0.042598	0.061638	0.024172	-0.025825	-0.040198	0.022947	-0.017700	-0.012393	0.004038	0.018739	-0.032082	-0.023081	0.017733	-0.026946	-0.021633	-0.035413	-0.004825	-0.024573	0.016433	-0.010880	-0.033406	-0.000183	-0.016158	-0.025179	-0.017911	0.006107	-0.025164	0.035975	-0.033650	-0.041009	0.016798	-0.010432	-0.022409	-0.015381	-0.034282	0.012117	-0.032751	-0.045196	-0.032670	-0.026309	-0.006689	-0.024065	-0.023042	-0.036681	0.001296	-0.035540	-0.018162	-0.031231	-0.026012	-0.016695	-0.022356	-0.019811	-0.017926	0.028187	-0.022285	-0.030877	-0.033159	0.003400	0.002726	-0.015781	-0.025521	-0.006725	-0.022741	-0.006709	-0.037073	0.015692	
0.010485	-0.007971	0.910516	0.028321	0.061335	0.064581	0.056110	-0.019780	0.010725	-0.009258	-0.003494	-0.010591	-0.029231	-0.018401	-0.005514	-0.024598	-0.001033	-0.010810	-0.013003	0.001938	0.000959	-0.031936	0.001118	-0.018910	-0.008394	-0.004828	-0.013174	0.055303	0.002440	0.020649	0.032217	-0.029050	-0.017004	-0.049305	-0.028535	-0.027361	-0.003608	-0.036930	-0.023484	-0.028335	-0.004937	-0.032563	-0.036175	-0.047732	-0.030598	-0.019316	-0.033434	-0.009562	-0.018727	-0.007358	-0.030062	-0.021135	-0.032119	-0.041839	-0.019470	-0.033661	-0.031581	-0.016958	-0.039620	-0.020171	-0.032116	-0.017531	-0.022512	0.003523	-0.018812	-0.035011	-0.035068	-0.047489	-0.036680	-0.026663	-0.035030	-0.014759	-0.012998	-0.048989	-0.037689	-0.014652	-0.019646	-0.026956	-0.017242	0.008255	-0.017402	0.019227	0.007029	-0.036746	-0.022754	0.036232	-0.025785	-0.011218	-0.015796	0.005871	-0.028126	-0.005489	0.013094	0.075776	
0.043330	0.029173	0.028321	0.941414	0.003319	0.044201	0.013676	-0.006949	-0.035516	-0.004615	0.011442	-0.018694	0.049978	-0.028390	-0.008329	-0.007716	0.015136	0.024426	-0.024354	0.001091	0.018856	0.012952	-0.015424	0.022234	-0.026044	-0.004600	0.001779	0.010442	0.008640	-0.021859	-0.015249	-0.020518	-0.026584	-0.017583	-0.030394	-0.014849	-0.020378	0.009786	-0.011933	-0.026394	-0.051836	-0.036526	-0.018953	-0.038382	-0.007991	-0.027073	-0.003187	-0.028669	-0.031373	-0.035594	-0.016650	-0.017201	-0.039170	-0.016313	-0.038489	-0.003894	-0.035147	-0.033409	-0.005142	-0.007802	-0.041147	-0.001822	-0.009838	-0.031522	-0.016101	-0.047762	-0.034009	-0.004206	-0.026104	-0.018281	-0.017386	0.001178	-0.023645	-0.043455	-0.031421	-0.012758	-0.016543	-0.029699	-0.022084	0.004717	-0.019446	0.041576	-0.040647	-0.032571	-0.011791	-0.010300	0.018960	0.025162	-0.000892	-0.018856	-0.021301	-0.034577	-0.025049	0.016796	
0.016427	0.028096	0.061335	0.003319	0.873212	0.044404	0.052949	-0.029166	0.005575	-0.020359	-0.004102	-0.014806	-0.017556	-0.019276	0.011205	-0.044687	-0.032807	0.012091	-0.004775	-0.027916	-0.016001	-0.013489	-0.002380	-0.021424	-0.009648	-0.003634	-0.003794	0.122950	0.001829	0.026071	0.015947	-0.021646	-0.016870	-0.014718	-0.027192	-0.028218	0.022675	-0.031067	-0.001372	-0.030516	-0.004961	-0.011509	-0.022681	-0.043353	-0.041318	-0.036157	-0.031209	-0.024324	-0.026523	0.018935	-0.043682	-0.020765	-0.020470	-0.026162	0.000073	-0.024536	-0.031047	-0.020338	-0.035426	-0.026858	-0.040812	-0.022956	-0.028721	0.009013	-0.020152	-0.041569	-0.017402	-0.030747	-0.025922	-0.043166	-0.040520	-0.015874	-0.003708	-0.042789	-0.017480	-0.029157	0.001712	-0.028780	-0.032786	-0.008408	-0.027194	0.000615	-0.010474	-0.046624	-0.022253	0.013605	-0.016513	-0.008828	-0.027282	0.010882	-0.043944	-0.014747	-0.018670	0.055616	
0.041010	-0.009086	0.064581	0.044201	0.044404	0.901365	0.059731	-0.016685	0.029924	0.002565	-0.003087	-0.004092	-0.034286	-0.020334	-0.020529	-0.008446	-0.011682	-0.032097	-0.004902	0.011784	-0.008481	-0.033925	-0.017624	0.003792	-0.025227	-0.013430	-0.010976	0.038739	-0.000841	0.018827	0.039948	-0.005466	-0.027170	-0.027265	-0.026352	-0.042318	0.010927	-0.027492	-0.016041	-0.033759	-0.015021	-0.031741	-0.037751	-0.034384	-0.026979	-0.022207	-0.032192	-0.007938	-0.032187	-0.012026	-0.031831	-0.022560	-0.030500	-0.026060	-0.042150	-0.047060	-0.032705	-0.032200	-0.052286	-0.041214	-0.025904	-0.036858	-0.025213	0.005038	-0.012443	-0.033086	-0.023265	-0.011356	-0.051315	-0.033210	-0.038463	-0.017406	-0.002629	-0.040812	-0.025231	-0.019274	-0.035127	-0.023433	-0.024080	0.008156	-0.014841	0.024625	-0.001071	-0.030325	-0.029241	0.029655	-0.025052	-0.010668	-0.012224	0.015931	-0.024361	0.008767	0.032738	0.062720	
0.011676	0.001788	0.056110	0.013676	0.052949	0.059731	0.952223	-0.036533	-0.008064	-0.023507	-0.013129	-0.028065	-0.022467	-0.012605	-0.002134	-0.025086	-0.018068	-0.007145	-0.027298	-0.002623	-0.024714	-0.033385	-0.007546	-0.026775	-0.010611	-0.016318	-0.009619	0.036660	-0.000403	0.016733	0.016402	-0.022811	-0.005018	-0.035005	-0.028515	0.015901	0.001181	-0.022816	-0.010794	-0.029228	-0.015116	-0.053303	0.026228	-0.025572	-0.025712	-0.025957	-0.041086	-0.017317	-0.035663	0.004169	-0.047789	-0.028784	-0.037182	-0.016690	-0.027313	-0.036443	-0.022224	-0.034424	-0.034370	-0.024996	-0.028993	-0.025728	-0.009678	-0.009664	-0.014852	0.014984	-0.030532	-0.032426	-0.037131	-0.032909	-0.015759	-0.017866	-0.005728	0.027519	-0.040490	-0.006661	-0.009068	-0.037536	-0.031838	0.007452	-0.030788	-0.003838	0.003454	-0.021577	-0.034048	0.017896	-0.004520	-0.017180	-0.021816	-0.003497	-0.046953	-0.006096	0.011226	0.059880	
0.004552	-0.024277	-0.019780	-0.006949	-0.029166	-0.016685	-0.036533	0.923711	-0.001481	0.023515	-0.003978	0.011309	-0.008963	0.011257	-0.007294	0.024759	0.011451	-0.028692	-0.003265	0.012204	0.000957	-0.013858	-0.000610	0.019927	-0.002762	-0.001659	-0.009799	-0.022820	-0.005992	-0.008432	0.006955	-0.013718	-0.011215	-0.014700	-0.023803	-0.044171	-0.004669	-0.017063	-0.005717	-0.019315	-0.009897	-0.019462	-0.046124	-0.001827	-0.016933	-0.021133	-0.016503	0.001952	-0.028643	-0.031395	-0.010473	-0.020918	0.008554	-0.019789	-0.020990	-0.014877	-0.023749	-0.018157	-0.030404	-0.012872	0.009428	-0.024866	-0.021021	-0.007555	-0.009320	-0.044112	-0.013493	-0.014122	-0.019482	-0.001457	-0.030969	0.000016	-0.005480	-0.057497	-0.014500	-0.001257	-0.010153	-0.000908	-0.000551	0.002396	-0.009954	-0.040040	-0.033988	-0.027213	-0.003304	-0.026156	-0.032619	-0.004889	-0.005966	-0.014768	-0.001958	-0.014824	-0.020597	-0.027717	
-0.029276	0.000634	0.010725	-0.035516	0.005575	0.029924	-0.008064	-0.001481	1.028570	0.031783	-0.019409	-0.002710	-0.008752	0.007027	-0.032185	0.007801	0.005133	-0.054619	-0.007820	0.007144	-0.006060	-0.022234	0.001361	0.005484	-0.025618	-0.011872	-0.014137	0.007281	-0.015855	0.015455	0.023151	-0.020774	-0.014923	-0.028032	-0.031514	-0.013891	0.011556	-0.040623	-0.007005	-0.034931	-0.019651	-0.032291	-0.021096	-0.028272	-0.027488	-0.043557	-0.026859	-0.006065	-0.043627	0.011918	-0.027848	-0.006247	-0.029184	-0.035188	-0.004767	-0.022540	-0.045938	-0.020669	-0.043420	-0.027944	-0.026426	-0.022639	-0.029447	0.003122	-0.010197	-0.005930	-0.021051	-0.021757	-0.021265	-0.027207	-0.040916	-0.018187	0.005407	-0.016127	-0.014952	-0.008958	-0.039816	-0.025022	-0.001700	-0.005789	-0.017319	-0.002238	-0.006146	-0.022001	-0.022000	-0.005664	-0.037550	-0.022131	-0.014076	0.002476	-0.010171	0.012249	0.000525	0.005856	
0.002021	-0.011387	-0.009258	-0.004615	-0.020359	0.002565	-0.023507	0.023515	0.031783	1.018302	0.001789	0.020136	-0.019380	0.013442	-0.019262	0.009565	0.021961	-0.036058	-0.013725	0.015496	-0.005828	-0.004014	-0.000218	0.020159	-0.033387	-0.006468	-0.006844	-0.023852	-0.000622	-0.020302	-0.015087	-0.017606	-0.013464	-0.021445	-0.020397	-0.048952	-0.008761	-0.012679	0.012564	-0.021322	-0.036539	-0.018414	-0.046734	-0.006537	-0.019166	-0.038557	-0.026326	-0.005848	-0.025250	-0.027682	-0.010638	-0.016792	0.008784	-0.024571	-0.008730	-0.010201	-0.024554	-0.014866	-0.041344	-0.018660	-0.010759	-0.024481	-0.001920	-0.022480	-0.013440	-0.035110	-0.019522	-0.001493	-0.034551	-0.015165	-0.023365	-0.017171	-0.012550	-0.028662	-0.008760	-0.003097	-0.029219	-0.024350	-0.029809	0.000861	-0.005804	-0.035543	-0.019565	-0.011391	-0.016433	-0.026669	-0.011969	-0.020573	-0.008348	-0.027032	0.001369	-0.012665	-0.030829	-0.022277	
-0.001037	-0.017115	-0.003494	0.011442	-0.004102	-0.003087	-0.013129	-0.003978	-0.019409	0.001789	1.104987	-0.010188	-0.016709	-0.021520	-0.009934	-0.000207	-0.026154	0.010873	-0.004150	-0.007505	0.019990	-0.017285	-0.008867	-0.004579	-0.006718	0.015588	0.068623	0.009463	-0.015862	-0.015258	-0.020819	-0.012920	-0.036430	-0.008317	-0.014466	-0.041358	-0.026060	-0.011747	-0.019744	-0.001905	-0.038692	-0.017967	-0.036386	-0.026543	-0.029091	-0.018069	-0.016618	-0.019756	-0.031929	-0.014092	-0.012652	-0.025513	-0.034489	-0.010677	-0.018609	-0.023887	-0.006003	-0.033177	-0.002971	-0.004924	-0.018492	-0.005933	-0.002561	-0.040376	-0.023576	-0.040354	-0.023963	-0.021678	-0.027157	-0.019122	-0.017090	-0.015217	-0.009923	-0.036489	-0.005164	-0.024879	-0.026459	-0.000550	-0.005462	-0.015220	-0.000841	0.013174	-0.014451	-0.008393	-0.021694	-0.026385	-0.035042	-0.010474	-0.004591	-0.001614	-0.023723	-0.020781	-0.019721	-0.021739	
0.002374	-0.002769	-0.010591	-0.018694	-0.014806	-0.004092	-0.028065	0.011309	-0.002710	0.020136	-0.010188	0.984034	-0.027802	0.118080	-0.014657	-0.018218	0.005632	-0.020584	-0.014542	-0.000193	-0.002304	-0.026141	-0.026042	0.003283	-0.022384	-0.008787	-0.012286	-0.018637	0.000298	-0.017470	-0.007952	-0.020574	-0.025717	-0.015463	-0.022223	-0.022961	0.004000	-0.028151	-0.016834	-0.024490	-0.013492	-0.014566	-0.033122	-0.032082	-0.004505	0.019142	-0.018402	0.006661	-0.016332	-0.030457	-0.024212	-0.026428	0.018828	0.005564	-0.017323	-0.006787	-0.033487	-0.016900	-0.017580	-0.016095	-0.014771	-0.022984	-0.019417	-0.032455	0.016113	-0.032652	-0.019423	-0.019866	-0.021836	-0.015101	-0.036834	-0.021225	-0.026637	-0.036967	-0.011119	-0.013953	-0.006109	-0.021144	-0.014147	-0.000171	-0.011660	-0.019103	0.014752	-0.023253	-0.019786	-0.049064	-0.026249	-0.028297	-0.020388	-0.016403	-0.008914	0.000749	-0.027082	-0.022599	
0.004719	0.033231	-0.029231	0.049978	-0.017556	-0.034286	-0.022467	-0.008963	-0.008752	-0.019380	-0.016709	-0.027802	1.099078	-0.008028	-0.000036	0.005150	-0.022015	0.025082	0.009606	-0.015231	-0.012567	0.030010	-0.028857	-0.008740	-0.023335	0.032385	-0.008263	-0.019546	-0.009438	-0.028392	-0.032809	-0.008891	-0.000824	0.001968	-0.034739	-0.040208	-0.035163	-0.009158	-0.042607	-0.025590	-0.024794	-0.002713	-0.041379	-0.038592	-0.030816	-0.000443	0.013262	-0.012194	-0.011992	-0.039275	-0.000946	-0.035046	-0.011976	-0.007834	-0.022597	0.024251	-0.025750	0.015320	0.044212	-0.032982	-0.033437	-0.003697	-0.029421	-0.018969	-0.038952	-0.026384	-0.052148	-0.038041	-0.019060	0.026955	-0.021743	-0.019026	-0.017526	-0.040339	-0.023719	-0.014219	0.006894	-0.021686	0.008170	-0.018765	-0.025985	0.012632	-0.005554	-0.021011	-0.015227	-0.013515	0.043186	0.015219	-0.034066	-0.011743	-0.016375	-0.029912	-0.023958	-0.018703	
-0.013207	-0.001408	-0.018401	-0.028390	-0.019276	-0.020334	-0.012605	0.011257	0.007027	0.013442	-0.021520	0.118080	-0.008028	0.943512	-0.021211	-0.001899	0.005329	-0.015080	-0.008832	-0.004839	-0.010440	-0.022266	-0.018059	0.000515	-0.004701	-0.011232	-0.028573	-0.022993	-0.011275	-0.016561	-0.012095	-0.011337	-0.013947	-0.007090	-0.012155	-0.036454	0.004186	-0.008466	-0.019742	-0.012512	-0.022958	-0.023995	-0.048008	-0.019818	-0.003189	0.012605	-0.025558	0.032093	-0.021762	-0.030661	-0.034396	-0.012375	0.005010	0.013060	-0.015679	-0.005071	-0.032312	-0.020122	-0.021038	-0.004537	-0.007940	-0.006106	-0.005109	-0.030661	0.027781	-0.042306	-0.018940	-0.029085	-0.023595	-0.035027	-0.022491	-0.014740	-0.032532	-0.033911	-0.014178	-0.010667	-0.009194	-0.013559	-0.009355	-0.008494	-0.009443	-0.041691	-0.016640	-0.013855	-0.018776	-0.046851	-0.016477	-0.016506	-0.010170	-0.033885	-0.007188	-0.002026	-0.025289	-0.015315	
0.008878	-0.027595	-0.005514	-0.008329	0.011205	-0.020529	-0.002134	-0.007294	-0.032185	-0.019262	-0.009934	-0.014657	-0.000036	-0.021211	0.917985	-0.010280	-0.019004	0.059574	-0.003337	0.000869	-0.006983	-0.012063	-0.003192	-0.036369	0.023062	-0.011845	0.007017	0.015427	-0.015180	-0.006014	-0.030372	-0.006403	-0.015715	0.007254	-0.013763	-0.045837	0.002618	-0.017091	0.006603	-0.023000	-0.027070	0.006781	-0.037846	-0.030391	-0.020101	0.005568	-0.025739	-0.008004	-0.013443	0.003887	-0.021194	-0.014007	-0.016275	0.005846	0.006980	-0.011864	-0.022126	-0.012713	-0.017639	-0.015048	-0.026065	-0.003338	-0.016978	-0.013967	-0.020008	-0.045855	0.006596	-0.032990	-0.028619	-0.014720	-0.019236	-0.012205	-0.013706	-0.050673	-0.019428	0.008439	0.022126	-0.010617	-0.029389	-0.000345	-0.019467	-0.031758	0.000228	-0.002061	-0.018487	-0.032929	-0.028700	-0.013284	-0.033248	-0.012871	-0.012441	-0.025266	-0.020573	-0.011188	
-0.021312	-0.024340	-0.024598	-0.007716	-0.044687	-0.008446	-0.025086	0.024759	0.007801	0.009565	-0.000207	-0.018218	0.005150	-0.001899	-0.010280	1.042380	0.075101	-0.003941	0.004238	0.004122	-0.007720	-0.020963	-0.012859	0.000180	-0.020783	0.000630	-0.002103	-0.052444	-0.001336	-0.022170	-0.003640	-0.020214	-0.014237	-0.048929	-0.019160	-0.027966	-0.028548	-0.014672	-0.017152	-0.010665	-0.024690	-0.002693	-0.019255	-0.015139	-0.001547	-0.006687	-0.005673	0.006936	-0.016840	-0.028213	0.004816	0.000851	-0.030378	-0.036025	-0.014894	-0.028935	-0.014035	-0.046786	-0.007000	-0.019971	0.000127	-0.031556	-0.026657	-0.025027	-0.012553	-0.036015	-0.020122	-0.017215	-0.010752	-0.002753	-0.025743	-0.017836	0.002103	-0.041414	-0.014570	-0.010156	-0.020737	-0.000051	-0.016244	-0.014596	-0.017830	0.017097	-0.020522	-0.015008	-0.010147	-0.027467	0.008203	-0.007298	-0.007463	-0.004365	0.001215	-0.005558	0.000414	-0.026611	
-0.013245	-0.027310	-0.001033	0.015136	-0.032807	-0.011682	-0.018068	0.011451	0.005133	0.021961	-0.026154	0.005632	-0.022015	0.005329	-0.019004	0.075101	0.982655	-0.036708	-0.004523	0.019845	-0.000373	-0.015498	-0.016083	-0.012237	-0.013215	-0.007874	-0.002053	-0.040903	0.004407	0.000938	0.003100	-0.010359	-0.022691	-0.032813	-0.011934	-0.028135	-0.015121	-0.032392	-0.000887	-0.031730	-0.011494	-0.007731	-0.035720	-0.010447	-0.007254	-0.028246	-0.010054	-0.000882	-0.021885	-0.022266	-0.012182	0.006378	-0.014682	-0.025229	-0.011092	0.000241	-0.022450	-0.038853	-0.007725	-0.022853	-0.010065	-0.018529	-0.015457	-0.012987	-0.019098	-0.041095	-0.031403	-0.011340	-0.017359	-0.013622	-0.019350	-0.025746	-0.006801	-0.052469	-0.025235	-0.007199	-0.020688	-0.012383	-0.031035	-0.003190	0.004030	-0.038258	-0.029527	-0.009853	-0.007258	-0.023241	-0.025536	-0.012284	0.002661	-0.013534	0.007068	-0.019605	-0.003584	-0.018951	
-0.005120	0.001603	-0.010810	0.024426	0.012091	-0.032097	-0.007145	-0.028692	-0.054619	-0.036058	0.010873	-0.020584	0.025082	-0.015080	0.059574	-0.003941	-0.036708	1.082765	-0.021709	-0.032083	-0.011893	0.009078	-0.027003	-0.031050	0.013036	-0.035220	-0.011734	-0.011857	-0.018856	-0.019913	-0.021366	-0.026238	-0.030069	0.017203	-0.011978	-0.032200	-0.016162	-0.006476	-0.007804	0.004132	-0.028221	0.009788	-0.020492	-0.027111	-0.015939	-0.007338	-0.016958	-0.022542	-0.029085	-0.022608	-0.004489	-0.017237	-0.001302	0.012892	0.007186	0.007869	-0.027718	-0.042203	0.004912	-0.032915	-0.025611	-0.007718	-0.024215	-0.029789	-0.032046	-0.031221	-0.010965	-0.005986	-0.024594	-0.033651	0.001413	-0.011664	-0.029667	-0.036956	-0.013747	-0.002475	-0.003493	0.003676	-0.030644	-0.013755	-0.014205	0.003365	0.003005	-0.022720	-0.001902	-0.025743	0.005780	0.002544	-0.003483	-0.023125	-0.024280	-0.001851	-0.019849	-0.018951	
-0.001835	-0.038817	-0.013003	-0.024354	-0.004775	-0.004902	-0.027298	-0.003265	-0.007820	-0.013725	-0.004150	-0.014542	0.009606	-0.008832	-0.003337	0.004238	-0.004523	-0.021709	0.987312	0.009910	-0.007152	-0.007309	-0.003747	-0.012752	0.000562	0.038649	0.004107	0.004483	-0.014560	-0.018219	-0.010911	-0.004987	-0.001927	-0.031344	-0.003305	-0.039661	-0.023827	-0.024735	-0.011043	-0.015843	-0.009757	-0.013662	-0.042131	-0.028430	-0.015607	-0.025734	0.001115	-0.021324	0.003232	-0.005386	-0.018709	-0.014920	-0.003817	-0.021663	-0.005549	-0.025984	-0.002923	0.003623	-0.027867	-0.014893	-0.008671	-0.022210	-0.013383	-0.026953	-0.021410	-0.050633	-0.018994	-0.024897	-0.004252	-0.003503	-0.019245	-0.003814	-0.022489	-0.059014	0.001349	-0.012729	0.000450	0.003718	-0.028092	0.007801	-0.014076	-0.042209	-0.043352	-0.008485	-0.008000	-0.025543	-0.029591	-0.010509	-0.012947	-0.022934	-0.013037	-0.014113	-0.015825	-0.001047	
-0.010421	-0.035168	0.001938	0.001091	-0.027916	0.011784	-0.002623	0.012204	0.007144	0.015496	-0.007505	-0.000193	-0.015231	-0.004839	0.000869	0.004122	0.019845	-0.032083	0.009910	0.966158	0.036335	-0.016625	-0.010334	0.060306	-0.017843	0.000975	0.018268	-0.013583	-0.005783	-0.019030	0.004098	-0.026587	-0.015074	-0.018941	-0.022501	-0.028440	-0.023390	-0.019917	-0.012742	-0.023546	-0.023141	-0.024598	-0.039948	-0.029780	-0.009736	-0.035077	-0.017914	-0.012826	-0.041560	-0.032864	0.001021	-0.023427	-0.036973	-0.024755	-0.016617	-0.037303	-0.029798	0.008213	-0.029651	-0.019056	-0.006530	0.005042	-0.007289	-0.032425	-0.003010	-0.023267	-0.006530	-0.023442	-0.031869	-0.025005	-0.033883	-0.003377	-0.004070	-0.038573	-0.024526	-0.016493	-0.018207	0.004463	-0.015174	-0.001570	-0.004274	-0.036582	-0.008559	-0.000418	-0.015336	-0.042655	-0.024688	-0.032744	-0.014556	-0.007788	-0.000082	-0.017102	-0.016046	-0.013750	
-0.002658	-0.038795	0.000959	0.018856	-0.016001	-0.008481	-0.024714	0.000957	-0.006060	-0.005828	0.019990	-0.002304	-0.012567	-0.010440	-0.006983	-0.007720	-0.000373	-0.011893	-0.007152	0.036335	0.987012	-0.004900	-0.011194	0.000451	0.013419	-0.007702	0.009410	-0.008102	0.001033	-0.019866	-0.018216	-0.005967	-0.027961	-0.015843	-0.016449	-0.035303	-0.024219	-0.012891	-0.000552	-0.003177	-0.033124	-0.014037	-0.033224	-0.034996	-0.013745	-0.024943	-0.022098	-0.012914	-0.025064	-0.013867	0.004173	-0.016806	-0.011365	-0.014493	-0.024060	-0.016229	-0.026169	0.005468	-0.011426	-0.008961	-0.014442	0.010118	-0.008031	-0.032328	-0.010079	-0.038110	-0.003504	-0.022912	-0.025279	-0.036195	-0.012970	0.005805	-0.011855	-0.054039	0.002729	-0.034027	-0.031803	-0.003380	-0.013633	-0.010102	-0.009229	-0.032139	0.002711	-0.032392	-0.023291	0.006479	-0.048762	0.001637	-0.007411	-0.043569	-0.006940	-0.019336	-0.023948	-0.012994	
-0.006971	0.033875	-0.031936	0.012952	-0.013489	-0.033925	-0.033385	-0.013858	-0.022234	-0.004014	-0.017285	-0.026141	0.030010	-0.022266	-0.012063	-0.020963	-0.015498	0.009078	-0.007309	-0.016625	-0.004900	0.991108	-0.015195	0.002562	-0.009970	0.003931	0.001778	-0.012622	-0.011175	-0.023200	-0.041009	-0.006582	0.009534	0.016117	-0.017325	-0.044705	-0.025404	0.036410	-0.014094	0.007994	-0.022474	-0.019438	-0.055540	-0.013710	-0.001594	-0.019291	0.017397	-0.020085	0.003336	-0.021963	-0.005722	-0.007159	-0.031412	-0.003893	-0.005133	0.022341	-0.045237	-0.017266	0.049655	-0.016343	-0.013406	-0.009491	-0.008303	-0.015332	-0.020216	-0.058849	-0.021616	-0.009065	-0.013139	-0.020656	0.001164	-0.015552	-0.028258	-0.052327	-0.024517	-0.022860	-0.000487	-0.009517	-0.004057	-0.003473	-0.013838	0.019459	-0.029650	-0.002417	-0.019223	-0.032907	0.006715	0.007693	0.001280	-0.025714	-0.009055	-0.034027	-0.022758	-0.022004	
-0.009697	-0.025967	0.001118	-0.015424	-0.002380	-0.017624	-0.007546	-0.000610	0.001361	-0.000218	-0.008867	-0.026042	-0.028857	-0.018059	-0.003192	-0.012859	-0.016083	-0.027003	-0.003747	-0.010334	-0.011194	-0.015195	0.966082	-0.015806	-0.005664	-0.019978	-0.012891	-0.003674	-0.005399	-0.003538	-0.012036	-0.014748	-0.016205	-0.012712	-0.010739	-0.042376	-0.002150	-0.030478	0.004913	-0.026225	-0.018347	-0.011620	-0.030927	-0.003157	-0.011901	-0.011059	-0.005008	0.002438	-0.010933	-0.018272	0.005340	0.013414	-0.013196	-0.017062	-0.011281	-0.014250	-0.019170	-0.019058	-0.008682	-0.012131	-0.011104	-0.015924	-0.026411	-0.021350	0.003229	-0.034827	-0.008841	-0.011769	-0.005731	-0.010607	-0.029214	-0.018027	-0.030341	-0.030483	-0.010483	-0.006358	-0.003434	0.002223	-0.011232	-0.018227	-0.002231	-0.032058	-0.029923	-0.017054	-0.008869	-0.003321	-0.021976	-0.008392	0.006142	-0.030819	0.006661	-0.016622	-0.015846	-0.018039	
-0.009569	-0.005077	-0.018910	0.022234	-0.021424	0.003792	-0.026775	0.019927	0.005484	0.020159	-0.004579	0.003283	-0.008740	0.000515	-0.036369	0.000180	-0.012237	-0.031050	-0.012752	0.060306	0.000451	0.002562	-0.015806	1.009043	-0.013215	-0.002625	-0.005452	-0.024398	-0.012482	-0.037060	-0.005977	-0.012228	-0.017861	-0.009585	-0.039074	-0.033149	-0.028228	-0.013207	-0.006415	-0.011038	-0.018368	-0.033405	-0.042499	-0.019126	-0.002397	-0.034069	-0.011228	-0.001967	-0.007581	-0.040463	-0.004433	0.002224	-0.033463	-0.029710	-0.034113	-0.023794	-0.019939	-0.001279	-0.011794	-0.021179	-0.008259	0.004507	-0.030300	-0.017878	0.001206	-0.029352	-0.007852	0.007594	-0.023057	-0.013401	-0.012003	-0.019435	0.021962	-0.049657	-0.021873	-0.011119	-0.013034	-0.015863	-0.003208	-0.006109	0.008923	-0.020901	-0.000561	-0.016469	0.008670	-0.035195	0.009873	-0.026731	-0.010686	-0.012806	-0.006408	-0.029308	-0.020915	-0.022695	
-0.006873	-0.027843	-0.008394	-0.026044	-0.009648	-0.025227	-0.010611	-0.002762	-0.025618	-0.033387	-0.006718	-0.022384	-0.023335	-0.004701	0.023062	-0.020783	-0.013215	0.013036	0.000562	-0.017843	0.013419	-0.009970	-0.005664	-0.013215	0.969183	-0.008765	0.004084	-0.009144	0.000119	-0.028559	-0.007350	-0.020291	-0.006136	-0.003282	-0.011345	-0.056138	0.000093	-0.007677	-0.017358	-0.004705	-0.030432	0.000503	-0.062136	-0.004099	-0.004357	-0.002532	-0.022757	-0.016775	-0.021639	-0.031963	-0.010855	-0.006136	-0.014216	-0.007646	-0.017028	-0.016740	-0.001591	-0.010724	-0.015893	0.001358	-0.016798	-0.006056	0.012805	-0.020350	-0.011671	-0.055086	-0.000040	-0.020491	-0.012816	-0.007108	-0.013803	0.000607	-0.031253	-0.055264	-0.015940	0.006027	0.005357	0.014515	-0.017475	-0.007301	-0.008532	-0.014117	-0.016141	-0.026700	-0.002535	-0.034327	-0.024256	-0.020697	-0.001658	-0.023445	-0.001921	-0.006293	-0.013846	-0.014941	
-0.007453	-0.026787	-0.004828	-0.004600	-0.003634	-0.013430	-0.016318	-0.001659	-0.011872	-0.006468	0.015588	-0.008787	0.032385	-0.011232	-0.011845	0.000630	-0.007874	-0.035220	0.038649	0.000975	-0.007702	0.003931	-0.019978	-0.002625	-0.008765	0.959123	0.020901	-0.004154	-0.004597	-0.011795	-0.017780	0.009482	-0.006600	-0.035488	-0.012688	-0.032458	-0.028286	-0.005278	-0.019574	-0.003351	-0.011331	-0.019073	-0.033861	-0.016794	-0.019718	-0.015713	0.005328	-0.007344	0.006046	-0.018913	-0.011462	-0.015563	-0.015458	-0.021991	-0.023062	-0.019054	-0.008268	-0.003815	-0.012036	-0.010121	-0.029057	-0.019680	-0.008241	-0.019914	-0.008876	-0.045467	-0.034825	-0.022470	0.003692	-0.007689	-0.031995	-0.008082	-0.031243	-0.026085	-0.016074	-0.009257	-0.020645	-0.031888	-0.006485	0.000743	-0.009200	-0.034933	-0.039703	-0.020147	-0.006177	-0.020447	-0.006423	-0.002717	-0.012369	-0.026272	-0.009124	-0.012936	-0.027362	-0.010981	
0.002298	-0.033052	-0.013174	0.001779	-0.003794	-0.010976	-0.009619	-0.009799	-0.014137	-0.006844	0.068623	-0.012286	-0.008263	-0.028573	0.007017	-0.002103	-0.002053	-0.011734	0.004107	0.018268	0.009410	0.001778	-0.012891	-0.005452	0.004084	0.020901	0.966065	0.009100	-0.017891	-0.021620	-0.025107	-0.002369	-0.030575	-0.019236	-0.004650	-0.060477	-0.028189	-0.007276	-0.013641	0.005473	-0.028836	0.004597	-0.058994	-0.010082	-0.014516	-0.010753	-0.003424	-0.029424	-0.016504	-0.000520	-0.028993	-0.023945	-0.018388	-0.012164	-0.018514	-0.007032	-0.014580	-0.014771	-0.010277	-0.014553	-0.007052	-0.006409	-0.002629	-0.036841	-0.008042	-0.057581	0.000809	-0.009575	-0.006189	-0.008323	0.007663	-0.015550	-0.009222	-0.055250	-0.022246	-0.018459	-0.026310	-0.016172	0.002558	0.020186	-0.002689	-0.026993	-0.010744	-0.014197	-0.022153	-0.000158	-0.030532	-0.016344	-0.011243	-0.019533	-0.023190	-0.030977	-0.042277	-0.016878	
0.015069	0.017790	0.055303	0.010442	0.122950	0.038739	0.036660	-0.022820	0.007281	-0.023852	0.009463	-0.018637	-0.019546	-0.022993	0.015427	-0.052444	-0.040903	-0.011857	0.004483	-0.013583	-0.008102	-0.012622	-0.003674	-0.024398	-0.009144	-0.004154	0.009100	0.830008	-0.001680	0.025366	0.028673	-0.022131	-0.024361	-0.015601	-0.017331	-0.043473	0.023574	-0.028213	-0.003410	-0.025063	-0.009525	-0.024504	-0.039212	-0.033849	-0.037723	-0.015314	-0.016436	-0.015818	-0.028728	0.008115	-0.041831	-0.019326	-0.013679	-0.029902	-0.012556	-0.024019	-0.024886	-0.024275	-0.025604	-0.025943	-0.036588	-0.014535	-0.020365	-0.005513	-0.004993	-0.051974	-0.019376	-0.022633	-0.013448	-0.015046	-0.023299	-0.017109	-0.005485	-0.049462	-0.015322	-0.016232	-0.001197	-0.034356	-0.018283	-0.007776	-0.029713	-0.008740	-0.014342	-0.051775	-0.019508	0.004341	-0.030527	-0.019361	-0.026482	0.006191	-0.046357	-0.008795	-0.004274	0.057957	
0.003066	0.042598	0.002440	0.008640	0.001829	-0.000841	-0.000403	-0.005992	-0.015855	-0.000622	-0.015862	0.000298	-0.009438	-0.011275	-0.015180	-0.001336	0.004407	-0.018856	-0.014560	-0.005783	0.001033	-0.011175	-0.005399	-0.012482	0.000119	-0.004597	-0.017891	-0.001680	0.836948	0.057429	0.046180	-0.013878	-0.006781	-0.027932	-0.014316	-0.022318	-0.017322	-0.017794	-0.008184	-0.019473	-0.023457	-0.022449	-0.035581	-0.000840	-0.010278	-0.015088	-0.001940	-0.008272	-0.014410	-0.014080	-0.016560	0.010252	-0.021833	-0.036344	-0.011032	-0.014519	-0.012834	-0.007294	-0.011101	-0.016092	-0.015905	-0.007908	-0.021547	-0.004050	0.002064	-0.040644	-0.012432	-0.015716	-0.017983	-0.011420	-0.022839	-0.010900	-0.020017	-0.027529	-0.014350	-0.006438	-0.024703	-0.018811	-0.038181	-0.015826	-0.011167	-0.041406	-0.032652	-0.017211	-0.006843	-0.019506	-0.031546	-0.019346	-0.018635	-0.024387	-0.005586	-0.002602	-0.033063	-0.005386	
-0.005461	0.061638	0.020649	-0.021859	0.026071	0.018827	0.016733	-0.008432	0.015455	-0.020302	-0.015258	-0.017470	-0.028392	-0.016561	-0.006014	-0.022170	0.000938	-0.019913	-0.018219	-0.019030	-0.019866	-0.023200	-0.003538	-0.037060	-0.028559	-0.011795	-0.021620	0.025366	0.057429	0.876514	0.069543	-0.016995	-0.031991	-0.021569	-0.023606	-0.019157	0.006327	-0.023814	-0.011204	-0.021414	-0.000067	-0.032628	-0.014421	-0.015030	-0.019793	-0.025475	-0.008975	-0.024403	-0.017858	0.011723	-0.013908	-0.015574	-0.031836	-0.024923	-0.002232	-0.023071	-0.020084	-0.032692	-0.034321	-0.013627	-0.016993	-0.025871	-0.011515	0.004455	-0.023530	-0.031286	-0.021021	-0.031118	-0.031286	-0.008178	-0.024759	-0.010883	0.001727	-0.022647	-0.017465	-0.003650	-0.020739	-0.023734	-0.047162	-0.011209	-0.020611	-0.034570	0.005456	-0.025930	-0.033226	-0.005393	-0.033436	-0.026140	-0.029836	-0.005818	-0.005234	0.014366	-0.019337	0.028187	
-0.000414	0.024172	0.032217	-0.015249	0.015947	0.039948	0.016402	0.006955	0.023151	-0.015087	-0.020819	-0.007952	-0.032809	-0.012095	-0.030372	-0.003640	0.003100	-0.021366	-0.010911	0.004098	-0.018216	-0.041009	-0.012036	-0.005977	-0.007350	-0.017780	-0.025107	0.028673	0.046180	0.069543	0.894202	-0.034126	-0.039875	-0.037866	-0.022816	-0.014835	0.004021	-0.038179	-0.021837	-0.022952	-0.005609	-0.034771	-0.010853	-0.033826	-0.022505	-0.021414	-0.034576	-0.022754	-0.025696	-0.002646	-0.016933	-0.006927	-0.014489	-0.043475	-0.016148	-0.039469	-0.010048	0.001539	-0.045158	-0.020026	-0.015740	-0.011191	-0.024559	0.018562	-0.035118	-0.015636	-0.013903	-0.028270	-0.029839	-0.016694	-0.018199	-0.004048	0.009248	-0.013908	-0.021240	0.002604	-0.018756	-0.015785	-0.011620	-0.027377	-0.018808	-0.034043	-0.002554	-0.020598	-0.023446	0.016223	-0.040820	-0.037932	-0.009591	0.022235	-0.025022	-0.005316	-0.007269	0.008941	
0.018192	-0.025825	-0.029050	-0.020518	-0.021646	-0.005466	-0.022811	-0.013718	-0.020774	-0.017606	-0.012920	-0.020574	-0.008891	-0.011337	-0.006403	-0.020214	-0.010359	-0.026238	-0.004987	-0.026587	-0.005967	-0.006582	-0.014748	-0.012228	-0.020291	0.009482	-0.002369	-0.022131	-0.013878	-0.016995	-0.034126	0.985383	-0.017916	-0.008725	0.051556	-0.030658	-0.019406	-0.007426	-0.019103	-0.022958	-0.015576	-0.018270	-0.041340	-0.008141	-0.011601	0.012689	0.010431	-0.017921	0.023202	0.006582	0.003923	0.011324	-0.017089	-0.017559	-0.010975	0.008258	-0.012272	-0.007090	0.033105	-0.014660	-0.010081	-0.020985	-0.013402	-0.009758	0.000700	-0.046004	-0.020416	0.011185	0.006124	0.003745	0.013826	0.009084	-0.023562	-0.063441	-0.006590	-0.001730	-0.009637	-0.023110	-0.028496	-0.023330	-0.005619	-0.002141	-0.040417	0.008720	-0.019339	-0.020134	-0.009013	-0.015263	-0.020108	-0.035804	-0.018376	-0.042489	-0.018512	-0.021979	
-0.015046	-0.040198	-0.017004	-0.026584	-0.016870	-0.027170	-0.005018	-0.011215	-0.014923	-0.013464	-0.036430	-0.025717	-0.000824	-0.013947	-0.015715	-0.014237	-0.022691	-0.030069	-0.001927	-0.015074	-0.027961	0.009534	-0.016205	-0.017861	-0.006136	-0.006600	-0.030575	-0.024361	-0.006781	-0.031991	-0.039875	-0.017916	1.023561	-0.002440	0.004071	-0.032792	-0.002852	-0.017632	-0.002030	0.007193	-0.017187	-0.007116	-0.038167	0.001050	-0.012738	0.023698	-0.003610	0.004625	0.010149	-0.007540	0.002811	-0.006550	-0.002873	0.010052	-0.000708	-0.030353	-0.008289	-0.005094	-0.012185	-0.015574	-0.030943	-0.009486	-0.012540	-0.010582	-0.015502	-0.045846	0.004601	0.004127	0.004945	0.003239	-0.014503	-0.031252	-0.019629	-0.021850	-0.005018	-0.012752	0.016157	0.012954	-0.020101	-0.026924	-0.032717	-0.040057	-0.025354	-0.016831	-0.002836	-0.006298	-0.010043	-0.028611	-0.033090	0.019628	-0.006438	-0.005611	0.005092	-0.015150	
-0.013534	0.022947	-0.049305	-0.017583	-0.014718	-0.027265	-0.035005	-0.014700	-0.028032	-0.021445	-0.008317	-0.015463	0.001968	-0.007090	0.007254	-0.048929	-0.032813	0.017203	-0.031344	-0.018941	-0.015843	0.016117	-0.012712	-0.009585	-0.003282	-0.035488	-0.019236	-0.015601	-0.027932	-0.021569	-0.037866	-0.008725	-0.002440	0.937843	-0.019584	-0.037107	-0.001974	0.013087	-0.003575	-0.016037	-0.022236	-0.005803	-0.038917	-0.008741	0.008011	0.010591	0.005750	-0.007379	-0.011579	-0.009648	-0.021511	-0.008331	0.004585	0.003777	0.002856	0.013263	-0.024197	-0.012462	0.025631	-0.022891	-0.000230	-0.009344	-0.002176	-0.030194	-0.020544	-0.042489	0.094868	-0.008284	-0.005373	-0.022170	-0.003123	-0.018765	-0.004324	-0.037982	-0.009032	-0.003768	-0.014228	0.025892	0.015108	-0.031230	-0.036172	0.006345	-0.012569	-0.016409	-0.012564	-0.036258	0.009968	0.007287	-0.006383	-0.029218	-0.016100	-0.027993	-0.031354	-0.027271	
-0.002580	-0.017700	-0.028535	-0.030394	-0.027192	-0.026352	-0.028515	-0.023803	-0.031514	-0.020397	-0.014466	-0.022223	-0.034739	-0.012155	-0.013763	-0.019160	-0.011934	-0.011978	-0.003305	-0.022501	-0.016449	-0.017325	-0.010739	-0.039074	-0.011345	-0.012688	-0.004650	-0.017331	-0.014316	-0.023606	-0.022816	0.051556	0.004071	-0.019584	0.961517	-0.043126	-0.017351	-0.021772	-0.004406	-0.000548	0.011213	0.000670	-0.037875	0.023566	-0.026888	0.006634	0.004521	-0.002826	0.038444	-0.004147	0.004586	-0.004563	-0.000816	-0.013596	-0.028367	-0.007609	0.015847	-0.014416	0.031195	0.014930	-0.013272	-0.026754	0.008026	-0.003400	-0.003699	-0.050322	-0.012629	-0.007885	0.052620	0.007339	0.025464	-0.011306	-0.026588	-0.055515	-0.002910	-0.015756	-0.016235	-0.014322	-0.028565	-0.026089	-0.001335	-0.027140	-0.018946	-0.011213	0.005529	-0.012300	-0.030139	-0.029011	-0.007494	-0.023983	-0.028730	-0.022252	-0.038961	-0.012076	
-0.060982	-0.012393	-0.027361	-0.014849	-0.028218	-0.042318	0.015901	-0.044171	-0.013891	-0.048952	-0.041358	-0.022961	-0.040208	-0.036454	-0.045837	-0.027966	-0.028135	-0.032200	-0.039661	-0.028440	-0.035303	-0.044705	-0.042376	-0.033149	-0.056138	-0.032458	-0.060477	-0.043473	-0.022318	-0.019157	-0.014835	-0.030658	-0.032792	-0.037107	-0.043126	1.478692	-0.046294	-0.036499	-0.047891	-0.043805	-0.031356	-0.031013	0.536370	-0.030477	-0.033325	-0.057680	-0.039097	-0.061873	-0.045296	-0.025467	-0.041517	-0.042318	-0.041879	-0.041829	-0.033089	-0.047182	-0.043519	-0.019253	-0.048048	-0.055210	-0.046095	-0.020804	-0.054201	-0.052142	-0.065718	0.528182	-0.035172	-0.034633	-0.058647	-0.054780	-0.056719	-0.042116	-0.008410	0.544459	-0.045080	-0.048329	-0.066362	-0.049068	-0.052508	-0.043943	-0.070020	-0.009365	-0.044620	-0.052218	-0.045169	-0.037385	-0.032560	-0.064189	-0.041746	-0.026159	-0.054779	-0.044782	-0.035232	-0.045156	
-0.015200	0.004038	-0.003608	-0.020378	0.022675	0.010927	0.001181	-0.004669	0.011556	-0.008761	-0.026060	0.004000	-0.035163	0.004186	0.002618	-0.028548	-0.015121	-0.016162	-0.023827	-0.023390	-0.024219	-0.025404	-0.002150	-0.028228	0.000093	-0.028286	-0.028189	0.023574	-0.017322	0.006327	0.004021	-0.019406	-0.002852	-0.001974	-0.017351	-0.046294	0.918495	-0.030815	-0.013115	-0.024660	-0.003201	-0.007452	-0.042779	-0.019527	-0.027094	0.007206	-0.022175	0.000568	-0.037242	0.003547	-0.012545	-0.003704	-0.002652	0.019024	-0.008294	-0.023261	-0.035018	-0.009382	-0.024993	-0.029450	-0.032930	-0.015932	-0.026354	0.008438	-0.022561	-0.030716	-0.003365	-0.013485	-0.024793	-0.023300	-0.028334	-0.037744	0.008351	-0.030708	-0.000076	-0.018360	0.001641	0.012758	-0.020557	-0.015516	-0.021604	-0.026549	0.024246	-0.013166	-0.034514	0.001559	-0.028158	-0.036168	-0.015766	0.042816	-0.020779	-0.000607	0.008666	0.005511	
-0.001199	0.018739	-0.036930	0.009786	-0.031067	-0.027492	-0.022816	-0.017063	-0.040623	-0.012679	-0.011747	-0.028151	-0.009158	-0.008466	-0.017091	-0.014672	-0.032392	-0.006476	-0.024735	-0.019917	-0.012891	0.036410	-0.030478	-0.013207	-0.007677	-0.005278	-0.007276	-0.028213	-0.017794	-0.023814	-0.038179	-0.007426	-0.017632	0.013087	-0.021772	-0.036499	-0.030815	0.934615	0.001659	0.062839	-0.020211	-0.014835	-0.057090	0.018025	-0.007444	-0.021176	0.006699	-0.026221	0.013313	-0.020868	-0.009160	-0.014782	-0.024977	0.003451	-0.018688	0.020382	-0.032062	-0.009922	0.031896	0.008316	-0.014650	0.000226	0.047373	-0.012049	-0.007685	-0.054104	-0.004298	-0.014210	-0.003735	-0.030703	0.038413	0.039926	-0.007915	-0.037810	-0.020444	-0.008940	-0.015496	-0.018401	0.001044	-0.034844	-0.028071	0.018921	-0.028940	0.000019	-0.007961	-0.027346	0.016610	0.003495	-0.009409	-0.039624	-0.013396	-0.030695	-0.020288	-0.015023	
0.005707	-0.032082	-0.023484	-0.011933	-0.001372	-0.016041	-0.010794	-0.005717	-0.007005	0.012564	-0.019744	-0.016834	-0.042607	-0.019742	0.006603	-0.017152	-0.000887	-0.007804	-0.011043	-0.012742	-0.000552	-0.014094	0.004913	-0.006415	-0.017358	-0.019574	-0.013641	-0.003410	-0.008184	-0.011204	-0.021837	-0.019103	-0.002030	-0.003575	-0.004406	-0.047891	-0.013115	0.001659	0.922248	-0.006705	-0.028955	-0.019389	-0.046710	-0.002558	0.001235	-0.001918	-0.017287	-0.001368	0.007809	-0.002913	-0.020476	-0.002326	0.009916	-0.010269	-0.005967	-0.005873	-0.016630	-0.019664	-0.023570	-0.033243	0.002498	-0.020098	-0.000373	0.004266	-0.013904	-0.033333	-0.010469	0.002227	-0.028949	-0.023216	-0.014168	-0.013935	-0.011908	-0.035757	-0.013768	0.014511	-0.030262	0.001366	-0.029524	-0.008674	-0.016032	-0.019391	-0.028053	-0.009127	0.001254	-0.016808	-0.009082	-0.003071	-0.024905	-0.017298	-0.010082	-0.027233	-0.003361	-0.009717	
-0.008512	-0.023081	-0.028335	-0.026394	-0.030516	-0.033759	-0.029228	-0.019315	-0.034931	-0.021322	-0.001905	-0.024490	-0.025590	-0.012512	-0.023000	-0.010665	-0.031730	0.004132	-0.015843	-0.023546	-0.003177	0.007994	-0.026225	-0.011038	-0.004705	-0.003351	0.005473	-0.025063	-0.019473	-0.021414	-0.022952	-0.022958	0.007193	-0.016037	-0.000548	-0.043805	-0.024660	0.062839	-0.006705	0.960124	0.005287	-0.015278	-0.064450	0.008135	-0.006947	-0.016114	-0.011776	-0.003355	0.019171	-0.012482	-0.011515	-0.023217	0.004120	-0.019744	-0.024380	0.001092	-0.007448	-0.008126	0.012906	0.029564	-0.007956	-0.013963	0.065169	-0.015585	-0.009289	-0.054531	-0.004304	-0.011837	0.005676	-0.018379	0.030241	0.023074	-0.027322	-0.044822	-0.005659	-0.003730	-0.035858	-0.020315	-0.001112	-0.020354	0.007143	-0.017454	-0.006518	0.001890	-0.012422	-0.037279	-0.009612	-0.000673	-0.004421	-0.039717	-0.010592	-0.032578	-0.018647	-0.014473	
-0.020866	0.017733	-0.004937	-0.051836	-0.004961	-0.015021	-0.015116	-0.009897	-0.019651	-0.036539	-0.038692	-0.013492	-0.024794	-0.022958	-0.027070	-0.024690	-0.011494	-0.028221	-0.009757	-0.023141	-0.033124	-0.022474	-0.018347	-0.018368	-0.030432	-0.011331	-0.028836	-0.009525	-0.023457	-0.000067	-0.005609	-0.015576	-0.017187	-0.022236	0.011213	-0.031356	-0.003201	-0.020211	-0.028955	0.005287	1.000861	-0.010059	-0.030954	-0.011587	-0.030137	-0.020224	-0.019355	0.006326	-0.008704	0.006741	-0.012970	-0.012834	0.002260	0.000373	-0.023061	-0.009901	-0.015701	-0.034845	-0.026506	0.001707	-0.012681	-0.037710	-0.023853	0.011188	-0.003591	-0.027806	-0.019966	-0.011050	0.014039	0.020603	0.007204	-0.008375	0.000770	-0.036979	0.001042	-0.009647	-0.014094	-0.018468	-0.010134	-0.021126	-0.001128	0.007042	0.001712	-0.006463	-0.002386	0.014573	-0.013509	-0.021188	-0.016080	0.010798	-0.008656	0.037709	0.020155	0.000421	
-0.025518	-0.026946	-0.032563	-0.036526	-0.011509	-0.031741	-0.053303	-0.019462	-0.032291	-0.018414	-0.017967	-0.014566	-0.002713	-0.023995	0.006781	-0.002693	-0.007731	0.009788	-0.013662	-0.024598	-0.014037	-0.019438	-0.011620	-0.033405	0.000503	-0.019073	0.004597	-0.024504	-0.022449	-0.032628	-0.034771	-0.018270	-0.007116	-0.005803	0.000670	-0.031013	-0.007452	-0.014835	-0.019389	-0.015278	-0.010059	1.005993	-0.029914	0.005089	-0.018218	0.004436	-0.021791	-0.009961	-0.005082	0.034725	0.003377	-0.005818	0.006165	-0.004556	0.019710	-0.007878	-0.022742	0.025300	-0.010669	-0.000159	-0.009694	0.029867	-0.017800	-0.012964	-0.022085	-0.042199	0.000543	0.008640	-0.027920	-0.006201	0.012562	-0.021250	0.032798	-0.025284	0.013804	-0.009158	0.003180	-0.008064	0.005049	-0.034595	-0.027310	-0.022352	-0.029859	-0.017688	0.001986	-0.034340	-0.016281	0.006258	-0.005239	-0.014661	-0.037671	-0.021396	-0.027947	-0.018685	
-0.044639	-0.021633	-0.036175	-0.018953	-0.022681	-0.037751	0.026228	-0.046124	-0.021096	-0.046734	-0.036386	-0.033122	-0.041379	-0.048008	-0.037846	-0.019255	-0.035720	-0.020492	-0.042131	-0.039948	-0.033224	-0.055540	-0.030927	-0.042499	-0.062136	-0.033861	-0.058994	-0.039212	-0.035581	-0.014421	-0.010853	-0.041340	-0.038167	-0.038917	-0.037875	0.536370	-0.042779	-0.057090	-0.046710	-0.064450	-0.030954	-0.029914	1.504390	-0.059745	-0.038926	-0.035854	-0.044246	-0.054501	-0.036693	-0.017137	-0.055983	-0.044690	-0.044320	-0.037741	-0.035434	-0.035861	-0.043923	-0.029947	-0.058050	-0.066086	-0.039189	-0.027243	-0.068302	-0.029001	-0.063633	0.534548	-0.033911	-0.039822	-0.052265	-0.053207	-0.041087	-0.044344	-0.025229	0.551387	-0.055265	-0.040660	-0.053309	-0.039365	-0.050292	-0.047119	-0.059109	-0.038018	-0.050900	-0.037043	-0.065896	-0.024894	-0.032564	-0.049199	-0.049862	-0.015522	-0.056417	-0.048045	-0.032066	-0.027880	
