0.431900	0.001919	0.005079	0.007786	-0.004481	-0.002953	0.001765	0.007538	0.001067	0.015999	0.003353	0.001451	0.004706	0.003230	-0.002945	-0.009450	-0.004363	0.001231	-0.004365	-0.012086	-0.004373	-0.006419	-0.007178	-0.010588	-0.004368	-0.006329	-0.003501	-0.002489	-0.002721	-0.003964	-0.002716	-0.008000	-0.010216	-0.009670	-0.011392	-0.003379	-0.007363	-0.008656	-0.009004	-0.007209	-0.008711	-0.007600	-0.009374	-0.012140	-0.009786	-0.008139	-0.005796	-0.004797	0.004117	-0.001710	-0.003584	-0.004002	-0.005310	-0.004629	-0.000986	-0.000325	-0.003490	-0.001248	0.003261	-0.005800	0.001153	-0.004203	0.003476	-0.007757	-0.002762	-0.000757	
0.001919	0.425191	0.001032	0.002648	-0.001714	0.000136	0.001832	0.000271	0.000203	0.003546	0.002382	0.003914	0.009602	0.004691	-0.003754	-0.009168	-0.008196	-0.001386	-0.007553	-0.009444	-0.004002	-0.004653	-0.006843	-0.007105	-0.001046	-0.005761	-0.004651	-0.002440	-0.003763	-0.004183	-0.003812	-0.007021	-0.008486	-0.007851	-0.011808	-0.002454	-0.009013	-0.008339	-0.004699	-0.004996	-0.005836	-0.008713	-0.006338	-0.009122	-0.010399	-0.005568	-0.004817	-0.003496	0.003021	-0.001715	-0.001675	-0.003774	-0.004259	-0.003954	-0.001116	-0.002708	-0.001939	-0.002970	0.000896	-0.002049	0.000558	-0.005872	-0.000893	-0.003415	-0.001837	-0.002640	
0.005079	0.001032	0.432322	0.003984	-0.003723	-0.000621	0.000771	0.007652	-0.001019	0.001805	0.003414	0.004052	-0.001350	0.001198	-0.003528	-0.007886	-0.010383	-0.004325	-0.002926	-0.009593	-0.009731	-0.008111	-0.010855	-0.003247	-0.008099	-0.010060	-0.006070	-0.004950	-0.004467	-0.009036	-0.003907	-0.006633	-0.009851	-0.008626	-0.004051	-0.003980	-0.006926	-0.009221	-0.006332	-0.006236	-0.009616	-0.008576	-0.007042	-0.009164	-0.009957	-0.009258	-0.007523	-0.003431	0.001316	-0.006460	0.003185	-0.002921	-0.000491	-0.004836	0.000095	-0.004932	-0.002696	-0.000722	0.004056	0.005743	0.002394	0.002314	0.004091	0.001551	0.007262	-0.003790	
0.007786	0.002648	0.003984	0.430561	-0.001015	-0.001651	0.002674	0.003813	-0.000583	0.010558	0.001704	0.004381	0.000678	0.005641	-0.005005	-0.008327	-0.002471	-0.001635	-0.006479	-0.009139	-0.007954	-0.007389	-0.004374	-0.011539	-0.003763	-0.004884	-0.004489	-0.008556	-0.001455	-0.005613	-0.003864	-0.007181	-0.008771	-0.006025	-0.009965	-0.005493	-0.007331	-0.008177	-0.006307	-0.002885	-0.005978	-0.004706	-0.007822	-0.008746	-0.007482	-0.009108	-0.006318	-0.008128	-0.003256	-0.002250	-0.000761	0.001665	-0.004330	-0.002111	0.000692	-0.001598	-0.004639	-0.000411	-0.003164	-0.002585	-0.004163	-0.005280	0.000718	-0.006061	-0.002211	0.001207	
-0.004481	-0.001714	-0.003723	-0.001015	0.427423	0.005935	-0.000293	-0.002426	0.004249	-0.003444	-0.001209	0.000323	-0.000643	-0.004016	-0.007113	-0.006875	-0.005563	-0.003099	-0.004330	-0.008421	-0.005501	-0.007815	-0.004854	-0.011358	-0.003975	-0.004828	-0.008010	-0.002401	0.003377	-0.005020	-0.002055	-0.009432	-0.007606	-0.005647	-0.005920	-0.003380	-0.005826	-0.010231	-0.001494	-0.006245	-0.004455	-0.004149	-0.008338	-0.007724	-0.003562	-0.004187	-0.002971	-0.004441	0.002613	-0.001944	0.001155	0.001274	-0.001304	0.000753	0.001052	0.000837	-0.000666	-0.000426	-0.002213	-0.005033	-0.001460	-0.002541	-0.000210	-0.008134	-0.003032	0.001477	
-0.002953	0.000136	-0.000621	-0.001651	0.005935	0.434178	0.000072	-0.000809	0.013522	-0.001451	0.001284	-0.003283	-0.003086	-0.003418	-0.006373	-0.004829	-0.007236	-0.004379	-0.004502	-0.007179	-0.008480	-0.004606	-0.006653	-0.011047	-0.007474	-0.005464	-0.005319	-0.005667	-0.001069	-0.007606	-0.003157	-0.007618	-0.008600	-0.008001	-0.004642	-0.006503	-0.007553	-0.009204	-0.007943	-0.009332	-0.006916	-0.006270	-0.008527	-0.006965	-0.004914	-0.007489	-0.005932	-0.008154	0.005965	0.002357	0.002558	0.005628	0.001583	-0.000885	-0.002357	-0.000354	0.000200	0.001996	-0.000471	-0.001215	-0.003527	0.000650	-0.001758	-0.002331	-0.000591	-0.002611	
0.001765	0.001832	0.000771	0.002674	-0.000293	0.000072	0.430552	0.003015	-0.001524	0.003858	0.005109	0.006784	0.004208	0.008151	-0.009560	-0.003848	-0.007419	-0.008318	-0.007188	-0.003104	-0.005371	-0.008044	-0.006191	-0.012391	-0.004794	-0.008293	-0.008363	-0.004990	-0.003362	-0.004408	-0.005754	-0.010894	-0.006457	-0.007807	-0.010190	-0.003412	-0.003210	-0.008885	-0.005389	-0.002592	-0.006275	-0.005575	-0.007583	-0.008489	-0.006617	-0.005900	-0.007921	-0.006708	-0.002713	-0.000794	-0.001864	0.001242	-0.004681	-0.001514	-0.004292	-0.001520	-0.001484	-0.001728	-0.003568	-0.001558	0.000458	-0.004290	0.000528	-0.001315	-0.001686	0.004379	
0.007538	0.000271	0.007652	0.003813	-0.002426	-0.000809	0.003015	0.431068	-0.002083	0.006285	0.003404	0.003953	0.002736	0.001385	-0.008652	-0.009112	-0.005564	-0.006337	-0.005297	-0.005685	-0.004804	-0.008263	-0.008236	-0.001915	-0.007858	-0.010069	-0.010247	-0.007535	-0.001739	-0.006058	-0.006957	-0.005891	-0.008161	-0.005147	-0.002970	-0.007441	-0.009529	-0.008568	-0.009525	-0.006925	-0.009106	-0.007369	-0.006193	-0.007635	-0.007802	-0.002435	-0.009751	-0.009879	-0.002664	-0.003930	0.000761	-0.001500	0.003542	-0.003236	-0.004225	-0.000684	-0.001668	-0.004952	-0.002017	0.003337	-0.002784	0.001929	0.001256	0.003670	0.003782	-0.002226	
0.001067	0.000203	-0.001019	-0.000583	0.004249	0.013522	-0.001524	-0.002083	0.437023	-0.002404	0.001763	-0.000622	0.000433	-0.001955	-0.004481	-0.005495	-0.005184	-0.006154	-0.005990	-0.008382	-0.007930	-0.007329	-0.004958	-0.009691	-0.004366	-0.005325	-0.009116	-0.005081	0.003148	-0.005822	-0.005129	-0.008892	-0.010661	-0.005179	-0.008045	-0.003538	-0.006896	-0.009942	-0.006713	-0.006277	-0.005114	-0.006077	-0.009050	-0.009044	-0.006224	-0.008012	-0.004720	-0.005546	0.002634	0.000439	0.001534	0.000043	-0.001283	0.000864	0.002719	0.000071	0.001484	0.003476	-0.000725	-0.003545	-0.001689	-0.003218	-0.002174	-0.005805	-0.003279	-0.003885	
0.015999	0.003546	0.001805	0.010558	-0.003444	-0.001451	0.003858	0.006285	-0.002404	0.421702	0.001367	0.002953	0.004545	0.001995	-0.003965	-0.006052	-0.005437	-0.004368	-0.006297	-0.009154	-0.005768	-0.008798	-0.008556	-0.012395	-0.002812	-0.007420	-0.004128	-0.004529	-0.005476	-0.005234	-0.003539	-0.011381	-0.007748	-0.008723	-0.009282	-0.001269	-0.005002	-0.005651	-0.005446	-0.006316	-0.009391	-0.004273	-0.006334	-0.006131	-0.007711	-0.008407	-0.008103	-0.002759	0.000074	-0.002122	-0.004496	-0.001659	-0.002287	-0.005077	-0.003848	-0.001041	-0.005941	-0.002196	-0.000495	-0.006123	0.003692	-0.004508	0.004101	-0.004234	-0.004426	0.001979	
0.003353	0.002382	0.003414	0.001704	-0.001209	0.001284	0.005109	0.003404	0.001763	0.001367	0.428496	0.006494	0.002075	0.006108	-0.008187	-0.006554	-0.006582	-0.003260	-0.005225	-0.007455	-0.005322	-0.009193	-0.007502	-0.012181	-0.004762	-0.002986	-0.005363	-0.002186	-0.001667	-0.001711	-0.005615	-0.013099	-0.011630	-0.005862	-0.010302	-0.002021	-0.004520	-0.011143	-0.009453	-0.005458	-0.008641	-0.004614	-0.009590	-0.006025	-0.008267	-0.008945	-0.002488	-0.004441	0.000019	-0.002909	0.000028	-0.000694	-0.002717	-0.007045	-0.001363	-0.000165	-0.001274	-0.001446	0.000166	-0.002976	-0.001102	-0.004706	0.003206	-0.004324	-0.001780	-0.000168	
0.001451	0.003914	0.004052	0.004381	0.000323	-0.003283	0.006784	0.003953	-0.000622	0.002953	0.006494	0.430583	0.003983	0.008248	-0.003435	-0.004306	-0.008413	-0.004965	-0.007073	-0.005762	-0.005453	-0.003493	-0.010244	-0.012044	-0.002855	-0.006748	-0.008338	-0.008381	-0.001333	-0.004579	-0.005424	-0.009760	-0.007648	-0.004526	-0.009199	-0.003905	-0.005474	-0.007894	-0.005918	-0.006251	-0.003281	-0.005121	-0.005965	-0.009697	-0.006645	-0.005928	-0.006769	-0.006200	-0.003009	-0.002218	-0.003001	-0.002041	-0.002652	-0.003671	-0.001977	-0.003909	-0.001691	-0.002954	0.000553	-0.004019	-0.001359	-0.005373	-0.000788	-0.004652	-0.003503	0.001364	
0.004706	0.009602	-0.001350	0.000678	-0.000643	-0.003086	0.004208	0.002736	0.000433	0.004545	0.002075	0.003983	0.434910	0.004707	-0.006780	-0.008527	-0.004013	-0.003499	-0.002351	-0.009322	-0.005668	-0.007035	-0.007454	-0.011919	-0.006593	-0.006766	-0.006549	-0.003355	-0.000618	-0.004418	-0.005228	-0.014339	-0.009633	-0.006458	-0.009056	-0.001920	-0.008408	-0.007662	-0.006687	-0.006859	-0.009952	-0.005479	-0.007790	-0.003902	-0.007378	-0.009148	-0.008003	-0.005288	-0.000005	-0.000823	-0.002232	-0.002077	-0.004477	-0.000916	0.002280	-0.002657	-0.001566	-0.003473	-0.001826	-0.001480	0.001431	-0.004873	0.004595	-0.000270	-0.004183	0.000559	
0.003230	0.004691	0.001198	0.005641	-0.004016	-0.003418	0.008151	0.001385	-0.001955	0.001995	0.006108	0.008248	0.004707	0.440559	-0.009347	-0.006480	-0.003790	-0.006352	-0.007101	-0.008365	-0.009273	-0.002072	-0.005729	-0.006849	-0.008731	-0.001553	-0.002964	-0.006352	-0.002255	-0.005895	-0.009977	-0.012131	-0.010054	-0.002336	-0.006902	-0.008154	-0.007899	-0.007367	-0.006160	-0.007942	-0.007387	-0.003038	-0.008086	-0.008258	-0.003364	-0.007476	-0.011483	-0.008249	-0.005792	-0.002228	-0.004245	-0.002910	-0.003360	0.001184	-0.002112	-0.004170	-0.000896	0.001203	-0.003910	-0.001972	0.001278	-0.001073	-0.001388	-0.001264	0.001674	0.003107	
-0.002945	-0.003754	-0.003528	-0.005005	-0.007113	-0.006373	-0.009560	-0.008652	-0.004481	-0.003965	-0.008187	-0.003435	-0.006780	-0.009347	0.450239	0.013281	-0.007657	-0.005873	-0.004225	-0.011356	-0.006665	-0.006780	-0.007289	0.000606	-0.003691	-0.004722	-0.004184	-0.002778	-0.002796	-0.001945	-0.003023	0.002532	0.002015	-0.005577	-0.005922	-0.002488	-0.003949	0.005257	0.001474	-0.003510	-0.004475	-0.008247	0.001265	0.011467	0.007955	0.009119	0.012392	0.012084	-0.003130	-0.007078	-0.005500	-0.005704	-0.007173	-0.008013	-0.003314	-0.006302	-0.008019	-0.009264	-0.004969	-0.005338	-0.003036	-0.012058	-0.005864	-0.010210	-0.006664	-0.002656	
-0.009450	-0.009168	-0.007886	-0.008327	-0.006875	-0.004829	-0.003848	-0.009112	-0.005495	-0.006052	-0.006554	-0.004306	-0.008527	-0.006480	0.013281	0.453122	-0.005595	-0.006082	-0.008190	-0.007022	-0.008394	-0.005826	-0.003688	-0.002536	-0.005313	-0.008938	-0.005806	-0.008335	-0.005777	-0.007860	-0.006559	0.001894	-0.000698	-0.004874	-0.005201	-0.006024	-0.000903	0.002883	0.000174	-0.005222	-0.002895	-0.007758	0.002988	0.013368	0.009427	0.009267	0.002721	0.021301	-0.009922	-0.003013	-0.005781	-0.004768	-0.006971	-0.006040	-0.004578	-0.006493	-0.003953	-0.003481	-0.004570	-0.001809	-0.003638	-0.001393	-0.006860	-0.000546	-0.005228	0.001588	
-0.004363	-0.008196	-0.010383	-0.002471	-0.005563	-0.007236	-0.007419	-0.005564	-0.005184	-0.005437	-0.006582	-0.008413	-0.004013	-0.003790	-0.007657	-0.005595	0.443349	-0.001586	0.001941	0.007455	0.009052	0.004304	0.002472	-0.014853	0.006302	-0.001741	-0.000272	-0.001782	-0.004912	-0.000466	0.000263	-0.010906	-0.008096	0.006151	-0.003638	0.001245	0.006115	-0.006697	-0.002842	0.005803	0.006770	0.003070	-0.005662	-0.001775	-0.003963	-0.005178	-0.004158	-0.004502	-0.003941	-0.003757	-0.005613	-0.003509	-0.011095	-0.002366	-0.001173	-0.004339	-0.003767	-0.004619	-0.007175	-0.011407	-0.005831	-0.008540	-0.003132	-0.005977	-0.007689	-0.007795	
0.001231	-0.001386	-0.004325	-0.001635	-0.003099	-0.004379	-0.008318	-0.006337	-0.006154	-0.004368	-0.003260	-0.004965	-0.003499	-0.006352	-0.005873	-0.006082	-0.001586	0.434709	-0.000085	-0.001886	-0.001864	-0.000512	0.002414	-0.006648	0.002559	-0.000994	0.001440	0.002452	-0.000695	0.004555	0.002369	-0.005813	-0.009424	-0.001420	-0.004519	0.004925	0.001532	-0.005986	-0.000861	0.002722	0.000309	-0.000494	-0.005220	-0.004373	-0.005220	-0.009493	0.002705	-0.002324	-0.002264	-0.006606	-0.003132	-0.005392	-0.006843	-0.006288	-0.005685	-0.005274	-0.004147	-0.005947	-0.003674	-0.006511	-0.008215	-0.011442	-0.002690	-0.007430	-0.007282	-0.008300	
-0.004365	-0.007553	-0.002926	-0.006479	-0.004330	-0.004502	-0.007188	-0.005297	-0.005990	-0.006297	-0.005225	-0.007073	-0.002351	-0.007101	-0.004225	-0.008190	0.001941	-0.000085	0.444773	0.001891	0.002146	0.006270	0.002882	-0.007056	0.000398	0.000869	0.001747	0.001597	-0.003375	0.001267	0.003713	-0.007116	-0.006523	0.003931	-0.002584	0.000653	0.000962	-0.002316	-0.000411	0.002618	0.003925	0.002013	-0.004144	-0.002277	-0.005127	-0.003427	-0.003731	-0.002571	-0.003889	-0.006155	-0.006366	-0.005514	-0.008199	-0.009612	-0.003804	-0.006434	-0.008061	-0.001776	-0.006944	-0.011802	-0.008570	-0.006986	-0.005853	-0.007910	-0.008531	-0.004970	
-0.012086	-0.009444	-0.009593	-0.009139	-0.008421	-0.007179	-0.003104	-0.005685	-0.008382	-0.009154	-0.007455	-0.005762	-0.009322	-0.008365	-0.011356	-0.007022	0.007455	-0.001886	0.001891	0.444400	0.007052	0.003199	0.002708	-0.004851	0.004893	-0.000199	-0.000716	-0.001313	-0.006840	0.002256	0.000177	-0.002746	-0.006554	0.000305	0.005506	-0.001166	0.006870	-0.005048	-0.003590	0.006397	0.006720	0.004504	-0.005051	-0.003613	-0.004264	-0.000542	-0.006820	-0.005625	-0.007514	-0.006526	-0.000441	-0.007387	-0.002167	-0.004312	-0.006553	-0.004515	-0.004765	-0.006404	-0.006420	-0.004589	-0.003825	-0.005675	-0.006366	-0.000875	-0.003840	-0.007666	
-0.004373	-0.004002	-0.009731	-0.007954	-0.005501	-0.008480	-0.005371	-0.004804	-0.007930	-0.005768	-0.005322	-0.005453	-0.005668	-0.009273	-0.006665	-0.008394	0.009052	-0.001864	0.002146	0.007052	0.439483	-0.000338	0.003732	-0.010767	0.006525	0.005494	-0.000192	0.000838	-0.001970	0.001688	0.003026	-0.005353	-0.007640	0.000042	-0.002610	0.002255	0.008967	-0.009389	-0.001045	0.010051	0.006260	0.004116	-0.006047	-0.003859	-0.003758	-0.005849	0.000232	-0.007122	-0.004755	-0.005144	-0.006249	-0.006219	-0.007617	-0.004754	-0.002256	-0.006728	-0.003830	-0.004592	-0.006469	-0.010719	-0.008935	-0.008532	-0.005664	-0.009921	-0.007305	-0.009038	
-0.006419	-0.004653	-0.008111	-0.007389	-0.007815	-0.004606	-0.008044	-0.008263	-0.007329	-0.008798	-0.009193	-0.003493	-0.007035	-0.002072	-0.006780	-0.005826	0.004304	-0.000512	0.006270	0.003199	-0.000338	0.439275	0.012275	-0.011811	0.002064	-0.000416	0.002609	-0.000296	-0.002621	0.001592	0.000514	-0.010010	-0.007594	0.015309	-0.001240	-0.002295	0.001967	-0.007518	-0.001589	0.002907	0.003373	0.006094	-0.003443	-0.003294	-0.001798	-0.005928	-0.007216	-0.005752	-0.007588	-0.003702	-0.002983	-0.003937	-0.005174	-0.002937	-0.007253	-0.005447	-0.005769	-0.005351	-0.008354	-0.006523	-0.006188	-0.003728	-0.006029	-0.008694	-0.007563	-0.005397	
-0.007178	-0.006843	-0.010855	-0.004374	-0.004854	-0.006653	-0.006191	-0.008236	-0.004958	-0.008556	-0.007502	-0.010244	-0.007454	-0.005729	-0.007289	-0.003688	0.002472	0.002414	0.002882	0.002708	0.003732	0.012275	0.438384	-0.010710	0.000929	0.003636	-0.000083	0.000858	-0.001162	0.002227	0.000596	-0.010519	-0.008085	0.015731	-0.002357	-0.003412	0.001601	-0.007598	-0.002223	0.003256	0.002327	0.004136	-0.007565	-0.002336	-0.003809	-0.002484	-0.002484	-0.006601	-0.006076	-0.002441	-0.003867	-0.004393	-0.007400	-0.005020	-0.008066	-0.005205	-0.001199	-0.005985	-0.006574	-0.011092	-0.004783	-0.003968	-0.002531	-0.006198	-0.006373	-0.007766	
-0.010588	-0.007105	-0.003247	-0.011539	-0.011358	-0.011047	-0.012391	-0.001915	-0.009691	-0.012395	-0.012181	-0.012044	-0.011919	-0.006849	0.000606	-0.002536	-0.014853	-0.006648	-0.007056	-0.004851	-0.010767	-0.011811	-0.010710	0.505341	-0.008472	-0.007482	-0.006443	-0.008668	-0.010814	-0.010715	-0.008770	0.043522	0.040125	-0.008677	0.008722	-0.010667	-0.007264	0.031204	-0.000410	-0.007379	-0.008684	-0.008896	0.026390	0.000604	0.000079	0.004534	0.001726	0.000184	-0.007786	-0.010518	-0.006096	-0.008625	0.002748	-0.008054	-0.007487	-0.006003	-0.012245	-0.007499	-0.002578	0.012292	-0.010500	0.000134	-0.011217	0.000230	0.000055	-0.010371	
-0.004368	-0.001046	-0.008099	-0.003763	-0.003975	-0.007474	-0.004794	-0.007858	-0.004366	-0.002812	-0.004762	-0.002855	-0.006593	-0.008731	-0.003691	-0.005313	0.006302	0.002559	0.000398	0.004893	0.006525	0.002064	0.000929	-0.008472	0.433278	-0.000350	0.000922	-0.000624	-0.004523	0.000674	0.003853	-0.008371	-0.008154	0.002515	-0.005145	0.001956	0.006969	-0.006361	-0.000021	0.007534	0.005084	0.002708	-0.005649	-0.003979	-0.004844	-0.005683	0.000219	-0.002091	-0.007862	-0.007357	-0.006852	-0.002602	-0.004732	-0.005787	-0.008368	-0.006365	-0.002555	-0.004409	-0.005426	-0.010786	-0.008608	-0.014143	-0.005874	-0.009397	-0.009751	-0.007102	
-0.006329	-0.005761	-0.010060	-0.004884	-0.004828	-0.005464	-0.008293	-0.010069	-0.005325	-0.007420	-0.002986	-0.006748	-0.006766	-0.001553	-0.004722	-0.008938	-0.001741	-0.000994	0.000869	-0.000199	0.005494	-0.000416	0.003636	-0.007482	-0.000350	0.435271	0.003700	0.008916	-0.002495	0.001843	0.003484	-0.005199	-0.007003	0.001448	0.005754	0.000352	0.001556	-0.005282	-0.002375	0.000260	0.001370	0.001891	-0.006841	-0.002095	-0.002316	-0.007001	-0.003119	-0.003910	-0.002061	-0.003022	-0.008545	-0.003382	-0.003653	-0.007319	-0.005732	-0.008344	-0.003783	-0.002667	-0.006046	-0.007542	-0.005794	-0.005856	-0.005975	-0.007942	-0.006900	-0.004681	
-0.003501	-0.004651	-0.006070	-0.004489	-0.008010	-0.005319	-0.008363	-0.010247	-0.009116	-0.004128	-0.005363	-0.008338	-0.006549	-0.002964	-0.004184	-0.005806	-0.000272	0.001440	0.001747	-0.000716	-0.000192	0.002609	-0.000083	-0.006443	0.000922	0.003700	0.434991	0.002979	-0.004926	0.002685	0.001679	-0.006556	-0.007395	-0.000196	0.001749	-0.000594	0.001736	-0.004851	-0.000657	-0.000579	-0.000005	0.002412	-0.002958	-0.003381	-0.003298	-0.004710	-0.001168	-0.003622	-0.005780	-0.005686	-0.004751	-0.003255	-0.003938	-0.005546	-0.005606	-0.005266	-0.005964	-0.001628	-0.000804	-0.008882	-0.007313	-0.004799	-0.003684	-0.005437	-0.007954	-0.005162	
-0.002489	-0.002440	-0.004950	-0.008556	-0.002401	-0.005667	-0.004990	-0.007535	-0.005081	-0.004529	-0.002186	-0.008381	-0.003355	-0.006352	-0.002778	-0.008335	-0.001782	0.002452	0.001597	-0.001313	0.000838	-0.000296	0.000858	-0.008668	-0.000624	0.008916	0.002979	0.431742	-0.003163	0.000746	0.001081	-0.009318	-0.006365	-0.001723	0.004389	0.004765	0.001425	-0.007899	-0.000128	-0.000497	-0.003053	0.004318	-0.002536	-0.005875	-0.006042	-0.002231	0.001007	-0.004649	-0.000206	-0.006480	-0.003703	-0.004157	-0.005090	-0.006806	-0.003985	0.000003	-0.005041	-0.005606	-0.006839	-0.010445	-0.006408	-0.010440	-0.003065	-0.008825	-0.008069	-0.009891	
-0.002721	-0.003763	-0.004467	-0.001455	0.003377	-0.001069	-0.003362	-0.001739	0.003148	-0.005476	-0.001667	-0.001333	-0.000618	-0.002255	-0.002796	-0.005777	-0.004912	-0.000695	-0.003375	-0.006840	-0.001970	-0.002621	-0.001162	-0.010814	-0.004523	-0.002495	-0.004926	-0.003163	0.429706	-0.000810	-0.007754	-0.008781	-0.011265	-0.005479	-0.004106	-0.006718	-0.005819	-0.008542	-0.005099	-0.004485	-0.002820	-0.008023	-0.004771	-0.007591	-0.003806	-0.007686	-0.004055	-0.007170	-0.002102	0.002285	-0.002433	0.003660	-0.000528	0.002585	-0.000461	-0.000193	0.000826	-0.000562	-0.002725	-0.006260	0.002536	-0.004341	-0.002832	-0.005175	-0.001897	-0.002987	
-0.003964	-0.004183	-0.009036	-0.005613	-0.005020	-0.007606	-0.004408	-0.006058	-0.005822	-0.005234	-0.001711	-0.004579	-0.004418	-0.005895	-0.001945	-0.007860	-0.000466	0.004555	0.001267	0.002256	0.001688	0.001592	0.002227	-0.010715	0.000674	0.001843	0.002685	0.000746	-0.000810	0.428384	0.001431	-0.008897	-0.007196	0.000433	-0.001342	0.013145	-0.000497	-0.008926	-0.002139	-0.001953	0.001160	0.000483	-0.009412	-0.002019	-0.003707	-0.004224	0.000534	-0.001598	-0.004668	-0.001158	-0.004945	-0.005041	-0.008192	-0.004453	-0.004279	-0.006301	-0.003278	-0.006276	-0.007991	-0.009344	-0.004716	-0.007801	-0.005130	-0.004540	-0.009364	-0.006179	
-0.002716	-0.003812	-0.003907	-0.003864	-0.002055	-0.003157	-0.005754	-0.006957	-0.005129	-0.003539	-0.005615	-0.005424	-0.005228	-0.009977	-0.003023	-0.006559	0.000263	0.002369	0.003713	0.000177	0.003026	0.000514	0.000596	-0.008770	0.003853	0.003484	0.001679	0.001081	-0.007754	0.001431	0.427973	-0.009098	-0.007593	-0.000502	-0.002813	0.007203	0.002164	-0.008430	0.003599	0.002317	0.002712	0.003912	-0.006770	-0.005958	-0.005661	-0.004890	0.002354	-0.000869	-0.002454	-0.005669	-0.002642	-0.007925	-0.008679	-0.007373	-0.004838	-0.006001	-0.006860	-0.001201	-0.003328	-0.006326	-0.008137	-0.011579	-0.004365	-0.010125	-0.008457	-0.008652	
-0.008000	-0.007021	-0.006633	-0.007181	-0.009432	-0.007618	-0.010894	-0.005891	-0.008892	-0.011381	-0.013099	-0.009760	-0.014339	-0.012131	0.002532	0.001894	-0.010906	-0.005813	-0.007116	-0.002746	-0.005353	-0.010010	-0.010519	0.043522	-0.008371	-0.005199	-0.006556	-0.009318	-0.008781	-0.008897	-0.009098	0.495338	0.040960	-0.009560	0.002670	-0.008545	-0.007681	0.038603	-0.002383	-0.009370	-0.007813	-0.009474	0.031857	0.002369	0.004795	0.007211	0.006603	0.002540	-0.006200	-0.010739	-0.008874	-0.011707	-0.003517	-0.008382	-0.007171	-0.007619	-0.009085	-0.011171	-0.007038	0.001876	-0.010899	-0.006865	-0.011455	-0.003639	-0.002723	-0.012236	
-0.010216	-0.008486	-0.009851	-0.008771	-0.007606	-0.008600	-0.006457	-0.008161	-0.010661	-0.007748	-0.011630	-0.007648	-0.009633	-0.010054	0.002015	-0.000698	-0.008096	-0.009424	-0.006523	-0.006554	-0.007640	-0.007594	-0.008085	0.040125	-0.008154	-0.007003	-0.007395	-0.006365	-0.011265	-0.007196	-0.007593	0.040960	0.480965	-0.008377	-0.002497	-0.006039	-0.007214	0.036727	0.000498	-0.009529	-0.005772	-0.009240	0.027048	0.002335	0.005709	0.007535	0.006283	0.003275	-0.014641	-0.007320	-0.007513	-0.009219	-0.004839	-0.004910	-0.007509	-0.007724	-0.008135	-0.009058	-0.007161	-0.002897	-0.007284	-0.002159	-0.011740	-0.005426	-0.001898	-0.009784	
-0.009670	-0.007851	-0.008626	-0.006025	-0.005647	-0.008001	-0.007807	-0.005147	-0.005179	-0.008723	-0.005862	-0.004526	-0.006458	-0.002336	-0.005577	-0.004874	0.006151	-0.001420	0.003931	0.000305	0.000042	0.015309	0.015731	-0.008677	0.002515	0.001448	-0.000196	-0.001723	-0.005479	0.000433	-0.000502	-0.009560	-0.008377	0.449700	-0.000574	-0.003400	0.003312	-0.006906	-0.006504	0.002338	0.004414	0.006026	-0.008322	-0.004506	-0.000953	0.000855	-0.007623	-0.004783	-0.004132	-0.005433	-0.004642	-0.005865	-0.007066	-0.000930	-0.003225	-0.002653	-0.001813	-0.004793	-0.012554	-0.011438	-0.007114	-0.006586	-0.010264	-0.007134	-0.006396	-0.003801	
-0.011392	-0.011808	-0.004051	-0.009965	-0.005920	-0.004642	-0.010190	-0.002970	-0.008045	-0.009282	-0.010302	-0.009199	-0.009056	-0.006902	-0.005922	-0.005201	-0.003638	-0.004519	-0.002584	0.005506	-0.002610	-0.001240	-0.002357	0.008722	-0.005145	0.005754	0.001749	0.004389	-0.004106	-0.001342	-0.002813	0.002670	-0.002497	-0.000574	0.466460	-0.001241	-0.000520	-0.006893	-0.006186	-0.002907	-0.000115	-0.000614	-0.007540	-0.004332	-0.007218	-0.001296	-0.010579	-0.011477	-0.009199	-0.004436	-0.003305	-0.006388	0.004126	-0.001346	-0.009758	-0.003284	-0.004249	-0.008553	-0.002470	0.010951	-0.008442	0.006055	-0.013005	0.008029	0.008570	-0.006131	
-0.003379	-0.002454	-0.003980	-0.005493	-0.003380	-0.006503	-0.003412	-0.007441	-0.003538	-0.001269	-0.002021	-0.003905	-0.001920	-0.008154	-0.002488	-0.006024	0.001245	0.004925	0.000653	-0.001166	0.002255	-0.002295	-0.003412	-0.010667	0.001956	0.000352	-0.000594	0.004765	-0.006718	0.013145	0.007203	-0.008545	-0.006039	-0.003400	-0.001241	0.430830	-0.001522	-0.006822	0.000467	0.002423	-0.001779	-0.000811	-0.007129	-0.005477	-0.005823	-0.004337	-0.001386	0.000471	-0.000399	-0.003846	-0.001678	-0.002650	-0.010916	-0.006086	-0.004106	-0.006521	-0.006468	-0.003420	-0.002417	-0.012194	-0.004865	-0.009953	-0.004527	-0.009804	-0.012464	-0.008438	
-0.007363	-0.009013	-0.006926	-0.007331	-0.005826	-0.007553	-0.003210	-0.009529	-0.006896	-0.005002	-0.004520	-0.005474	-0.008408	-0.007899	-0.003949	-0.000903	0.006115	0.001532	0.000962	0.006870	0.008967	0.001967	0.001601	-0.007264	0.006969	0.001556	0.001736	0.001425	-0.005819	-0.000497	0.002164	-0.007681	-0.007214	0.003312	-0.000520	-0.001522	0.435535	-0.005797	0.002314	0.004056	0.008993	0.003648	-0.007571	-0.003004	-0.005675	-0.004171	-0.003742	-0.007376	-0.005885	-0.006328	-0.005894	-0.005132	-0.006654	-0.007530	-0.006069	-0.006069	-0.003887	-0.006456	-0.006436	-0.009846	-0.005540	-0.007516	-0.008278	-0.004362	-0.005609	-0.006806	
-0.008656	-0.008339	-0.009221	-0.008177	-0.010231	-0.009204	-0.008885	-0.008568	-0.009942	-0.005651	-0.011143	-0.007894	-0.007662	-0.007367	0.005257	0.002883	-0.006697	-0.005986	-0.002316	-0.005048	-0.009389	-0.007518	-0.007598	0.031204	-0.006361	-0.005282	-0.004851	-0.007899	-0.008542	-0.008926	-0.008430	0.038603	0.036727	-0.006906	-0.006893	-0.006822	-0.005797	0.492393	0.005815	-0.012119	-0.006805	-0.009754	0.036227	0.007723	0.005696	0.003568	0.004999	0.002277	-0.008770	-0.006601	-0.011480	-0.005924	-0.009468	-0.008000	-0.007612	-0.007326	-0.005681	-0.007820	-0.010251	-0.009941	-0.011108	-0.008487	-0.009339	-0.007479	-0.009925	-0.011086	
-0.009004	-0.004699	-0.006332	-0.006307	-0.001494	-0.007943	-0.005389	-0.009525	-0.006713	-0.005446	-0.009453	-0.005918	-0.006687	-0.006160	0.001474	0.000174	-0.002842	-0.000861	-0.000411	-0.003590	-0.001045	-0.001589	-0.002223	-0.000410	-0.000021	-0.002375	-0.000657	-0.000128	-0.005099	-0.002139	0.003599	-0.002383	0.000498	-0.006504	-0.006186	0.000467	0.002314	0.005815	0.440952	-0.001342	-0.003702	-0.002376	0.003612	0.002777	-0.000609	0.004132	0.004472	0.002107	-0.002680	-0.006127	-0.006069	-0.004001	-0.008153	-0.008116	-0.005582	-0.007121	-0.006155	-0.004073	-0.007058	-0.005889	-0.007593	-0.007118	-0.005681	-0.007738	-0.008074	-0.007124	
-0.007209	-0.004996	-0.006236	-0.002885	-0.006245	-0.009332	-0.002592	-0.006925	-0.006277	-0.006316	-0.005458	-0.006251	-0.006859	-0.007942	-0.003510	-0.005222	0.005803	0.002722	0.002618	0.006397	0.010051	0.002907	0.003256	-0.007379	0.007534	0.000260	-0.000579	-0.000497	-0.004485	-0.001953	0.002317	-0.009370	-0.009529	0.002338	-0.002907	0.002423	0.004056	-0.012119	-0.001342	0.433716	0.006446	0.000742	-0.006523	-0.002475	-0.005611	-0.005502	0.000078	-0.003234	-0.002566	-0.001613	-0.006707	-0.006677	-0.008486	-0.005534	-0.003483	-0.004610	-0.005433	-0.006356	-0.004333	-0.010050	-0.004152	-0.008614	-0.004101	-0.009914	-0.009802	-0.006617	
-0.008711	-0.005836	-0.009616	-0.005978	-0.004455	-0.006916	-0.006275	-0.009106	-0.005114	-0.009391	-0.008641	-0.003281	-0.009952	-0.007387	-0.004475	-0.002895	0.006770	0.000309	0.003925	0.006720	0.006260	0.003373	0.002327	-0.008684	0.005084	0.001370	-0.000005	-0.003053	-0.002820	0.001160	0.002712	-0.007813	-0.005772	0.004414	-0.000115	-0.001779	0.008993	-0.006805	-0.003702	0.006446	0.442771	0.002550	-0.006844	-0.004244	-0.001371	-0.004839	-0.007451	-0.008116	-0.007483	-0.003937	-0.005936	-0.005764	-0.006357	-0.005551	-0.004752	-0.004430	-0.003196	-0.008322	-0.005495	-0.006704	-0.005922	-0.005483	-0.009358	-0.004797	-0.005723	-0.003146	
-0.007600	-0.008713	-0.008576	-0.004706	-0.004149	-0.006270	-0.005575	-0.007369	-0.006077	-0.004273	-0.004614	-0.005121	-0.005479	-0.003038	-0.008247	-0.007758	0.003070	-0.000494	0.002013	0.004504	0.004116	0.006094	0.004136	-0.008896	0.002708	0.001891	0.002412	0.004318	-0.008023	0.000483	0.003912	-0.009474	-0.009240	0.006026	-0.000614	-0.000811	0.003648	-0.009754	-0.002376	0.000742	0.002550	0.438487	-0.006359	-0.002668	-0.002621	-0.002548	-0.005481	-0.003606	-0.005049	-0.005062	-0.006453	-0.003651	-0.004119	-0.002598	-0.003998	-0.008613	-0.002532	-0.003348	-0.008175	-0.007418	-0.006564	-0.006804	-0.005493	-0.008390	-0.010067	-0.003000	
-0.009374	-0.006338	-0.007042	-0.007822	-0.008338	-0.008527	-0.007583	-0.006193	-0.009050	-0.006334	-0.009590	-0.005965	-0.007790	-0.008086	0.001265	0.002988	-0.005662	-0.005220	-0.004144	-0.005051	-0.006047	-0.003443	-0.007565	0.026390	-0.005649	-0.006841	-0.002958	-0.002536	-0.004771	-0.009412	-0.006770	0.031857	0.027048	-0.008322	-0.007540	-0.007129	-0.007571	0.036227	0.003612	-0.006523	-0.006844	-0.006359	0.471025	0.002247	0.005120	0.002492	0.005855	0.002256	-0.006322	-0.009072	-0.010213	-0.006463	-0.008415	-0.007109	-0.008599	-0.007705	-0.008993	-0.005230	-0.010129	-0.011571	-0.006943	-0.005288	-0.004012	-0.009449	-0.011967	-0.010999	
-0.012140	-0.009122	-0.009164	-0.008746	-0.007724	-0.006965	-0.008489	-0.007635	-0.009044	-0.006131	-0.006025	-0.009697	-0.003902	-0.008258	0.011467	0.013368	-0.001775	-0.004373	-0.002277	-0.003613	-0.003859	-0.003294	-0.002336	0.000604	-0.003979	-0.002095	-0.003381	-0.005875	-0.007591	-0.002019	-0.005958	0.002369	0.002335	-0.004506	-0.004332	-0.005477	-0.003004	0.007723	0.002777	-0.002475	-0.004244	-0.002668	0.002247	0.443112	0.010904	0.009134	0.005807	0.013477	-0.006817	-0.001625	-0.009026	-0.006135	-0.007998	-0.005403	-0.008593	-0.005481	-0.005141	-0.008479	-0.006957	-0.006968	-0.004218	-0.005335	-0.005580	-0.006063	-0.007364	-0.004411	
-0.009786	-0.010399	-0.009957	-0.007482	-0.003562	-0.004914	-0.006617	-0.007802	-0.006224	-0.007711	-0.008267	-0.006645	-0.007378	-0.003364	0.007955	0.009427	-0.003963	-0.005220	-0.005127	-0.004264	-0.003758	-0.001798	-0.003809	0.000079	-0.004844	-0.002316	-0.003298	-0.006042	-0.003806	-0.003707	-0.005661	0.004795	0.005709	-0.000953	-0.007218	-0.005823	-0.005675	0.005696	-0.000609	-0.005611	-0.001371	-0.002621	0.005120	0.010904	0.449991	0.010201	0.007071	0.010860	-0.007646	-0.003814	-0.006832	-0.004854	-0.005607	-0.007234	-0.005504	-0.009977	-0.005058	-0.002940	-0.007321	-0.011589	-0.007516	-0.005377	-0.006444	-0.007554	-0.006690	-0.003255	
-0.008139	-0.005568	-0.009258	-0.009108	-0.004187	-0.007489	-0.005900	-0.002435	-0.008012	-0.008407	-0.008945	-0.005928	-0.009148	-0.007476	0.009119	0.009267	-0.005178	-0.009493	-0.003427	-0.000542	-0.005849	-0.005928	-0.002484	0.004534	-0.005683	-0.007001	-0.004710	-0.002231	-0.007686	-0.004224	-0.004890	0.007211	0.007535	0.000855	-0.001296	-0.004337	-0.004171	0.003568	0.004132	-0.005502	-0.004839	-0.002548	0.002492	0.009134	0.010201	0.448529	0.010954	0.007534	-0.008771	-0.004438	-0.006420	-0.007786	-0.005302	-0.005677	-0.004913	-0.006595	-0.004198	-0.008502	-0.011612	-0.004684	-0.007711	-0.005233	-0.012131	-0.005191	-0.001395	-0.008226	
-0.005796	-0.004817	-0.007523	-0.006318	-0.002971	-0.005932	-0.007921	-0.009751	-0.004720	-0.008103	-0.002488	-0.006769	-0.008003	-0.011483	0.012392	0.002721	-0.004158	0.002705	-0.003731	-0.006820	0.000232	-0.007216	-0.002484	0.001726	0.000219	-0.003119	-0.001168	0.001007	-0.004055	0.000534	0.002354	0.006603	0.006283	-0.007623	-0.010579	-0.001386	-0.003742	0.004999	0.004472	0.000078	-0.007451	-0.005481	0.005855	0.005807	0.007071	0.010954	0.445918	0.010360	-0.000812	-0.007193	-0.007600	-0.004942	-0.008825	-0.008520	-0.006236	-0.008526	-0.005915	-0.005658	-0.002061	-0.013054	-0.011091	-0.015839	-0.005334	-0.013151	-0.011214	-0.011749	
-0.004797	-0.003496	-0.003431	-0.008128	-0.004441	-0.008154	-0.006708	-0.009879	-0.005546	-0.002759	-0.004441	-0.006200	-0.005288	-0.008249	0.012084	0.021301	-0.004502	-0.002324	-0.002571	-0.005625	-0.007122	-0.005752	-0.006601	0.000184	-0.002091	-0.003910	-0.003622	-0.004649	-0.007170	-0.001598	-0.000869	0.002540	0.003275	-0.004783	-0.011477	0.000471	-0.007376	0.002277	0.002107	-0.003234	-0.008116	-0.003606	0.002256	0.013477	0.010860	0.007534	0.010360	0.441433	-0.001191	-0.008359	-0.008694	-0.004516	-0.009866	-0.007701	-0.005310	-0.005757	-0.005096	-0.004856	-0.003084	-0.010804	-0.007661	-0.008402	-0.004836	-0.013440	-0.012559	-0.008801	
0.004117	0.003021	0.001316	-0.003256	0.002613	0.005965	-0.002713	-0.002664	0.002634	0.000074	0.000019	-0.003009	-0.000005	-0.005792	-0.003130	-0.009922	-0.003941	-0.002264	-0.003889	-0.007514	-0.004755	-0.007588	-0.006076	-0.007786	-0.007862	-0.002061	-0.005780	-0.000206	-0.002102	-0.004668	-0.002454	-0.006200	-0.014641	-0.004132	-0.009199	-0.000399	-0.005885	-0.008770	-0.002680	-0.002566	-0.007483	-0.005049	-0.006322	-0.006817	-0.007646	-0.008771	-0.000812	-0.001191	0.431372	-0.002217	-0.002016	-0.000038	-0.003689	-0.000844	0.003139	-0.000313	0.000187	-0.000789	0.000840	-0.006058	-0.001072	-0.006392	-0.000502	-0.005134	-0.005631	-0.006917	
-0.001710	-0.001715	-0.006460	-0.002250	-0.001944	0.002357	-0.000794	-0.003930	0.000439	-0.002122	-0.002909	-0.002218	-0.000823	-0.002228	-0.007078	-0.003013	-0.003757	-0.006606	-0.006155	-0.006526	-0.005144	-0.003702	-0.002441	-0.010518	-0.007357	-0.003022	-0.005686	-0.006480	0.002285	-0.001158	-0.005669	-0.010739	-0.007320	-0.005433	-0.004436	-0.003846	-0.006328	-0.006601	-0.006127	-0.001613	-0.003937	-0.005062	-0.009072	-0.001625	-0.003814	-0.004438	-0.007193	-0.008359	-0.002217	0.432106	0.002120	0.000522	-0.000608	0.000735	0.000157	0.000711	0.005808	0.001505	-0.008456	-0.004050	-0.000531	-0.002882	-0.002572	-0.001964	-0.002603	0.002550	
-0.003584	-0.001675	0.003185	-0.000761	0.001155	0.002558	-0.001864	0.000761	0.001534	-0.004496	0.000028	-0.003001	-0.002232	-0.004245	-0.005500	-0.005781	-0.005613	-0.003132	-0.006366	-0.000441	-0.006249	-0.002983	-0.003867	-0.006096	-0.006852	-0.008545	-0.004751	-0.003703	-0.002433	-0.004945	-0.002642	-0.008874	-0.007513	-0.004642	-0.003305	-0.001678	-0.005894	-0.011480	-0.006069	-0.006707	-0.005936	-0.006453	-0.010213	-0.009026	-0.006832	-0.006420	-0.007600	-0.008694	-0.002016	0.002120	0.423179	0.002278	0.004887	0.001365	-0.001520	0.002468	-0.000341	0.002868	-0.001709	0.001964	-0.004462	-0.002323	-0.002156	-0.002568	-0.000488	-0.002079	
-0.004002	-0.003774	-0.002921	0.001665	0.001274	0.005628	0.001242	-0.001500	0.000043	-0.001659	-0.000694	-0.002041	-0.002077	-0.002910	-0.005704	-0.004768	-0.003509	-0.005392	-0.005514	-0.007387	-0.006219	-0.003937	-0.004393	-0.008625	-0.002602	-0.003382	-0.003255	-0.004157	0.003660	-0.005041	-0.007925	-0.011707	-0.009219	-0.005865	-0.006388	-0.002650	-0.005132	-0.005924	-0.004001	-0.006677	-0.005764	-0.003651	-0.006463	-0.006135	-0.004854	-0.007786	-0.004942	-0.004516	-0.000038	0.000522	0.002278	0.428018	-0.001522	0.002753	0.000476	0.000154	-0.000472	-0.000268	-0.003504	-0.005429	-0.001034	-0.003188	-0.001161	-0.002145	-0.007256	-0.002622	
-0.005310	-0.004259	-0.000491	-0.004330	-0.001304	0.001583	-0.004681	0.003542	-0.001283	-0.002287	-0.002717	-0.002652	-0.004477	-0.003360	-0.007173	-0.006971	-0.011095	-0.006843	-0.008199	-0.002167	-0.007617	-0.005174	-0.007400	0.002748	-0.004732	-0.003653	-0.003938	-0.005090	-0.000528	-0.008192	-0.008679	-0.003517	-0.004839	-0.007066	0.004126	-0.010916	-0.006654	-0.009468	-0.008153	-0.008486	-0.006357	-0.004119	-0.008415	-0.007998	-0.005607	-0.005302	-0.008825	-0.009866	-0.003689	-0.000608	0.004887	-0.001522	0.438132	0.004092	-0.000277	0.005088	0.001636	0.002501	0.000035	0.005980	-0.006259	0.002085	-0.002916	0.006402	0.006442	-0.004753	
-0.004629	-0.003954	-0.004836	-0.002111	0.000753	-0.000885	-0.001514	-0.003236	0.000864	-0.005077	-0.007045	-0.003671	-0.000916	0.001184	-0.008013	-0.006040	-0.002366	-0.006288	-0.009612	-0.004312	-0.004754	-0.002937	-0.005020	-0.008054	-0.005787	-0.007319	-0.005546	-0.006806	0.002585	-0.004453	-0.007373	-0.008382	-0.004910	-0.000930	-0.001346	-0.006086	-0.007530	-0.008000	-0.008116	-0.005534	-0.005551	-0.002598	-0.007109	-0.005403	-0.007234	-0.005677	-0.008520	-0.007701	-0.000844	0.000735	0.001365	0.002753	0.004092	0.429442	0.001655	0.001082	0.002978	0.002949	-0.001771	-0.001925	-0.000696	0.002426	-0.003291	0.000071	-0.001945	0.003440	
-0.000986	-0.001116	0.000095	0.000692	0.001052	-0.002357	-0.004292	-0.004225	0.002719	-0.003848	-0.001363	-0.001977	0.002280	-0.002112	-0.003314	-0.004578	-0.001173	-0.005685	-0.003804	-0.006553	-0.002256	-0.007253	-0.008066	-0.007487	-0.008368	-0.005732	-0.005606	-0.003985	-0.000461	-0.004279	-0.004838	-0.007171	-0.007509	-0.003225	-0.009758	-0.004106	-0.006069	-0.007612	-0.005582	-0.003483	-0.004752	-0.003998	-0.008599	-0.008593	-0.005504	-0.004913	-0.006236	-0.005310	0.003139	0.000157	-0.001520	0.000476	-0.000277	0.001655	0.433105	0.002365	0.000361	0.001942	-0.001812	-0.007171	-0.002865	-0.002534	-0.000954	-0.002367	-0.004741	-0.001109	
-0.000325	-0.002708	-0.004932	-0.001598	0.000837	-0.000354	-0.001520	-0.000684	0.000071	-0.001041	-0.000165	-0.003909	-0.002657	-0.004170	-0.006302	-0.006493	-0.004339	-0.005274	-0.006434	-0.004515	-0.006728	-0.005447	-0.005205	-0.006003	-0.006365	-0.008344	-0.005266	0.000003	-0.000193	-0.006301	-0.006001	-0.007619	-0.007724	-0.002653	-0.003284	-0.006521	-0.006069	-0.007326	-0.007121	-0.004610	-0.004430	-0.008613	-0.007705	-0.005481	-0.009977	-0.006595	-0.008526	-0.005757	-0.000313	0.000711	0.002468	0.000154	0.005088	0.001082	0.002365	0.433926	0.000254	0.001548	0.000209	-0.000894	-0.003564	0.000095	0.000423	-0.000668	0.001626	-0.005169	
-0.003490	-0.001939	-0.002696	-0.004639	-0.000666	0.000200	-0.001484	-0.001668	0.001484	-0.005941	-0.001274	-0.001691	-0.001566	-0.000896	-0.008019	-0.003953	-0.003767	-0.004147	-0.008061	-0.004765	-0.003830	-0.005769	-0.001199	-0.012245	-0.002555	-0.003783	-0.005964	-0.005041	0.000826	-0.003278	-0.006860	-0.009085	-0.008135	-0.001813	-0.004249	-0.006468	-0.003887	-0.005681	-0.006155	-0.005433	-0.003196	-0.002532	-0.008993	-0.005141	-0.005058	-0.004198	-0.005915	-0.005096	0.000187	0.005808	-0.000341	-0.000472	0.001636	0.002978	0.000361	0.000254	0.422192	0.002943	-0.003422	-0.005777	-0.000738	-0.001801	-0.003226	-0.004084	-0.006369	0.000680	
-0.001248	-0.002970	-0.000722	-0.000411	-0.000426	0.001996	-0.001728	-0.004952	0.003476	-0.002196	-0.001446	-0.002954	-0.003473	0.001203	-0.009264	-0.003481	-0.004619	-0.005947	-0.001776	-0.006404	-0.004592	-0.005351	-0.005985	-0.007499	-0.004409	-0.002667	-0.001628	-0.005606	-0.000562	-0.006276	-0.001201	-0.011171	-0.009058	-0.004793	-0.008553	-0.003420	-0.006456	-0.007820	-0.004073	-0.006356	-0.008322	-0.003348	-0.005230	-0.008479	-0.002940	-0.008502	-0.005658	-0.004856	-0.000789	0.001505	0.002868	-0.000268	0.002501	0.002949	0.001942	0.001548	0.002943	0.429482	-0.003236	-0.007916	-0.003717	-0.000757	-0.002575	-0.004453	-0.004574	-0.000565	
0.003261	0.000896	0.004056	-0.003164	-0.002213	-0.000471	-0.003568	-0.002017	-0.000725	-0.000495	0.000166	0.000553	-0.001826	-0.003910	-0.004969	-0.004570	-0.007175	-0.003674	-0.006944	-0.006420	-0.006469	-0.008354	-0.006574	-0.002578	-0.005426	-0.006046	-0.000804	-0.006839	-0.002725	-0.007991	-0.003328	-0.007038	-0.007161	-0.012554	-0.002470	-0.002417	-0.006436	-0.010251	-0.007058	-0.004333	-0.005495	-0.008175	-0.010129	-0.006957	-0.007321	-0.011612	-0.002061	-0.003084	0.000840	-0.008456	-0.001709	-0.003504	0.000035	-0.001771	-0.001812	0.000209	-0.003422	-0.003236	0.431993	0.007146	-0.001927	0.004879	0.005190	0.002059	0.002189	0.002191	
-0.005800	-0.002049	0.005743	-0.002585	-0.005033	-0.001215	-0.001558	0.003337	-0.003545	-0.006123	-0.002976	-0.004019	-0.001480	-0.001972	-0.005338	-0.001809	-0.011407	-0.006511	-0.011802	-0.004589	-0.010719	-0.006523	-0.011092	0.012292	-0.010786	-0.007542	-0.008882	-0.010445	-0.006260	-0.009344	-0.006326	0.001876	-0.002897	-0.011438	0.010951	-0.012194	-0.009846	-0.009941	-0.005889	-0.010050	-0.006704	-0.007418	-0.011571	-0.006968	-0.011589	-0.004684	-0.013054	-0.010804	-0.006058	-0.004050	0.001964	-0.005429	0.005980	-0.001925	-0.007171	-0.000894	-0.005777	-0.007916	0.007146	0.506425	0.000637	0.013704	-0.002495	0.018360	0.009761	-0.000468	
0.001153	0.000558	0.002394	-0.004163	-0.001460	-0.003527	0.000458	-0.002784	-0.001689	0.003692	-0.001102	-0.001359	0.001431	0.001278	-0.003036	-0.003638	-0.005831	-0.008215	-0.008570	-0.003825	-0.008935	-0.006188	-0.004783	-0.010500	-0.008608	-0.005794	-0.007313	-0.006408	0.002536	-0.004716	-0.008137	-0.010899	-0.007284	-0.007114	-0.008442	-0.004865	-0.005540	-0.011108	-0.007593	-0.004152	-0.005922	-0.006564	-0.006943	-0.004218	-0.007516	-0.007711	-0.011091	-0.007661	-0.001072	-0.000531	-0.004462	-0.001034	-0.006259	-0.000696	-0.002865	-0.003564	-0.000738	-0.003717	-0.001927	0.000637	0.438046	0.013663	0.007713	0.005978	0.001154	0.010402	
