0.827640	0.070349	0.085081	0.116196	0.003974	-0.006961	0.047909	0.138290	0.009997	0.140560	0.069005	0.076088	0.064212	0.081956	-0.058531	-0.073975	-0.083674	0.010392	0.004538	-0.084970	-0.069909	-0.073037	-0.142726	-0.091619	0.015048	-0.064796	-0.072437	0.004896	0.007260	-0.139505	-0.153614	-0.141951	-0.078923	-0.064424	-0.070784	-0.072763	-0.150452	-0.070503	-0.060172	0.017435	-0.146001	-0.076986	-0.074916	-0.073962	-0.084218	-0.070056	-0.067192	0.012776	0.012538	0.016096	0.005752	0.019422	0.011044	0.009392	0.010082	0.003725	0.019389	0.040276	0.025735	0.038901	0.026440	0.032227	0.036018	0.039181	0.037893	
0.070349	0.834590	0.051292	0.052134	0.012354	0.004311	0.057005	0.071968	0.010048	0.051193	0.096842	0.071530	0.144549	0.083912	-0.075050	-0.068914	-0.083009	0.017550	0.008983	-0.067756	-0.065221	-0.056750	-0.146673	-0.091507	0.017914	-0.056850	-0.074843	0.006145	0.015402	-0.134126	-0.139297	-0.133523	-0.069477	-0.068411	-0.068821	-0.063211	-0.135301	-0.077779	-0.050546	0.006541	-0.125758	-0.085579	-0.078619	-0.079739	-0.067152	-0.067774	-0.065286	0.014091	0.017340	0.004409	0.003819	0.020792	0.008058	0.015884	0.012139	0.021502	0.008143	0.032694	0.033419	0.032738	0.026719	0.040842	0.031345	0.048286	0.033957	
0.085081	0.051292	0.871467	0.073221	0.008363	0.010600	0.053864	0.073612	0.006915	0.094507	0.059596	0.064017	0.036097	0.064808	-0.062775	-0.063915	-0.070921	0.020031	0.015435	-0.083266	-0.073259	-0.062001	-0.125985	-0.079795	0.017498	-0.063124	-0.070591	0.015360	0.005018	-0.141904	-0.146236	-0.143329	-0.059403	-0.071411	-0.077397	-0.076350	-0.135087	-0.064374	-0.062748	0.010483	-0.141299	-0.090348	-0.070439	-0.080356	-0.057383	-0.072731	-0.070536	0.014391	0.012038	0.019316	0.006283	0.025718	0.005619	0.016209	0.008422	0.015744	0.001864	0.042005	0.036952	0.045016	0.056680	0.050015	0.040628	0.054030	0.047348	
0.116196	0.052134	0.073221	0.849707	0.005284	0.003156	0.068596	0.122139	-0.000713	0.134555	0.055999	0.073369	0.046365	0.100794	-0.075951	-0.062502	-0.073064	0.018287	0.007281	-0.071232	-0.068738	-0.067340	-0.146868	-0.087755	0.023968	-0.058508	-0.080682	0.019270	0.009757	-0.137859	-0.147414	-0.149970	-0.068193	-0.064478	-0.071171	-0.064289	-0.144465	-0.060930	-0.059529	0.017759	-0.136136	-0.072578	-0.076247	-0.071935	-0.065507	-0.068798	-0.071237	0.015271	0.014045	0.017477	0.014011	0.013930	0.018939	0.011700	0.008182	0.003520	0.016276	0.018664	0.021479	0.025676	0.023820	0.019882	0.032362	0.033549	0.033160	
0.003974	0.012354	0.008363	0.005284	0.871698	0.133296	0.003146	-0.000990	0.124144	0.005897	0.005230	0.015030	-0.003306	0.005882	-0.057942	-0.059715	-0.077825	0.046308	0.044445	-0.077394	-0.056389	-0.053963	-0.144371	-0.092557	0.034528	-0.055984	-0.069289	0.028295	0.056570	-0.143251	-0.148038	-0.144804	-0.065056	-0.056171	-0.064457	-0.058156	-0.149788	-0.054948	-0.044276	0.046346	-0.140028	-0.079038	-0.065574	-0.065585	-0.066939	-0.072622	-0.062757	0.043629	0.040190	0.061394	0.056736	0.049045	0.038825	0.046569	0.047996	0.052043	0.044225	0.009787	0.011379	0.015910	0.014561	0.010753	0.013529	0.018161	0.017593	
-0.006961	0.004311	0.010600	0.003156	0.133296	0.855168	-0.000845	-0.004207	0.162955	-0.001681	0.003118	-0.015464	-0.000109	-0.008057	-0.069512	-0.067175	-0.071189	0.036199	0.052248	-0.078636	-0.057232	-0.062699	-0.133697	-0.085726	0.043648	-0.052401	-0.056765	0.028157	0.047089	-0.128466	-0.135324	-0.147729	-0.056175	-0.062400	-0.063246	-0.064690	-0.139288	-0.061626	-0.043027	0.047452	-0.127381	-0.071665	-0.059227	-0.062280	-0.059797	-0.071051	-0.064524	0.049823	0.059923	0.043833	0.058231	0.060369	0.048994	0.042425	0.046554	0.036996	0.030583	0.013962	0.018418	0.012358	0.006404	0.018192	-0.000178	0.008588	0.012044	
0.047909	0.057005	0.053864	0.068596	0.003146	-0.000845	0.855732	0.061447	0.013247	0.065533	0.113881	0.107178	0.079524	0.110454	-0.071296	-0.056076	-0.063556	0.009858	0.004929	-0.072392	-0.070887	-0.055384	-0.153327	-0.088376	0.008057	-0.055448	-0.060702	0.002502	0.005833	-0.126424	-0.152893	-0.141590	-0.069367	-0.058617	-0.072816	-0.066201	-0.136197	-0.059763	-0.045154	0.002602	-0.125242	-0.083517	-0.068064	-0.071243	-0.063828	-0.062347	-0.063677	0.010762	0.004580	0.009841	0.004191	0.000791	0.007236	0.014077	0.014239	0.012574	0.017444	0.037915	0.041800	0.037196	0.037051	0.040449	0.030644	0.030452	0.027078	
0.138290	0.071968	0.073612	0.122139	-0.000990	-0.004207	0.061447	0.829945	0.004452	0.114049	0.051930	0.087597	0.084188	0.095628	-0.063072	-0.073512	-0.070580	0.012150	-0.000757	-0.077989	-0.076979	-0.057266	-0.132187	-0.085860	0.012368	-0.054985	-0.084601	0.016506	0.007798	-0.136800	-0.147856	-0.151427	-0.065524	-0.067314	-0.076991	-0.064745	-0.136025	-0.070128	-0.067139	0.008668	-0.141238	-0.077578	-0.081748	-0.081487	-0.063753	-0.076399	-0.072558	0.005705	0.009055	0.018644	-0.003681	0.016540	0.015865	0.010790	0.011468	-0.000925	0.015376	0.036761	0.035253	0.025832	0.026484	0.036172	0.032917	0.055463	0.041698	
0.009997	0.010048	0.006915	-0.000713	0.124144	0.162955	0.013247	0.004452	0.871082	0.015077	0.011683	-0.000201	0.015379	0.000842	-0.054207	-0.065141	-0.073934	0.038557	0.045546	-0.073664	-0.063005	-0.061983	-0.147364	-0.090078	0.039540	-0.056016	-0.059030	0.016806	0.052144	-0.134885	-0.147742	-0.143314	-0.061269	-0.052179	-0.070097	-0.065324	-0.131054	-0.062559	-0.049473	0.043023	-0.128678	-0.084064	-0.061297	-0.058275	-0.066756	-0.071673	-0.063593	0.040559	0.028833	0.049332	0.050417	0.039736	0.044124	0.046652	0.043422	0.053136	0.044039	0.014901	-0.003219	0.007479	0.008603	0.011411	0.001959	0.004861	0.021574	
0.140560	0.051193	0.094507	0.134555	0.005897	-0.001681	0.065533	0.114049	0.015077	0.853062	0.053571	0.089176	0.061744	0.097286	-0.074156	-0.072658	-0.067634	0.010258	0.001245	-0.076515	-0.059783	-0.060510	-0.144527	-0.082115	-0.002752	-0.063192	-0.085299	0.006778	0.007738	-0.133256	-0.136487	-0.136309	-0.075131	-0.071773	-0.064194	-0.061703	-0.141303	-0.077344	-0.060084	0.015569	-0.133660	-0.084232	-0.080333	-0.074667	-0.077361	-0.078336	-0.067528	0.018834	0.000893	0.016917	0.000373	0.013980	0.008454	-0.001614	0.004287	-0.000738	0.010340	0.030751	0.017295	0.030882	0.013740	0.034474	0.023461	0.037360	0.044555	
0.069005	0.096842	0.059596	0.055999	0.005230	0.003118	0.113881	0.051930	0.011683	0.053571	0.838290	0.104942	0.084089	0.096360	-0.070391	-0.064763	-0.065293	0.016785	0.014484	-0.074193	-0.072224	-0.059986	-0.146264	-0.088928	-0.001184	-0.060139	-0.070239	0.004261	0.005806	-0.129380	-0.139947	-0.141379	-0.071693	-0.064957	-0.067604	-0.077004	-0.148693	-0.073119	-0.060895	-0.008970	-0.134015	-0.077957	-0.078340	-0.068074	-0.065178	-0.067999	-0.068381	0.021877	0.010223	0.022423	0.005614	0.017299	0.004809	0.015294	0.013364	0.017377	0.006580	0.038462	0.026348	0.040531	0.027497	0.041328	0.032803	0.044552	0.034072	
0.076088	0.071530	0.064017	0.073369	0.015030	-0.015464	0.107178	0.087597	-0.000201	0.089176	0.104942	0.871847	0.094329	0.169239	-0.074325	-0.064246	-0.072573	0.010639	0.010581	-0.076512	-0.063498	-0.062483	-0.147123	-0.103722	0.019120	-0.060019	-0.057270	0.000821	-0.000565	-0.140281	-0.145351	-0.151372	-0.082225	-0.066763	-0.062848	-0.075869	-0.135674	-0.074825	-0.064464	0.000594	-0.136821	-0.074223	-0.074405	-0.079599	-0.070774	-0.070484	-0.066642	0.007323	0.011613	0.007339	0.001068	0.009741	0.006523	0.008705	0.013017	0.012000	0.020719	0.024581	0.036194	0.022348	0.018522	0.038008	0.020351	0.025730	0.036022	
0.064212	0.144549	0.036097	0.046365	-0.003306	-0.000109	0.079524	0.084188	0.015379	0.061744	0.084089	0.094329	0.859191	0.094546	-0.055958	-0.065217	-0.072169	0.018557	-0.007788	-0.075327	-0.070135	-0.065560	-0.149232	-0.091930	0.008295	-0.060928	-0.062754	0.002249	0.011537	-0.133269	-0.146607	-0.140277	-0.060251	-0.066011	-0.068184	-0.071898	-0.146859	-0.072826	-0.046537	0.008356	-0.120390	-0.079931	-0.076739	-0.069070	-0.065754	-0.064664	-0.057221	0.012946	0.023568	0.008269	0.005080	0.019253	0.008364	0.001978	0.012969	0.005734	0.016771	0.030143	0.015057	0.015177	0.027309	0.042000	0.034223	0.029165	0.036899	
0.081956	0.083912	0.064808	0.100794	0.005882	-0.008057	0.110454	0.095628	0.000842	0.097286	0.096360	0.169239	0.094546	0.870993	-0.078637	-0.064759	-0.073736	0.015931	-0.000042	-0.071300	-0.066431	-0.063511	-0.135941	-0.087242	0.002382	-0.056971	-0.066339	0.005468	0.000747	-0.137216	-0.143952	-0.146433	-0.062575	-0.067127	-0.074653	-0.069866	-0.142223	-0.074289	-0.063681	-0.002633	-0.138635	-0.080235	-0.078860	-0.083015	-0.082637	-0.082367	-0.085524	0.002432	0.010861	0.021325	0.010190	0.001140	0.013545	0.002064	0.006491	0.017425	0.021106	0.026368	0.012672	0.034854	0.020593	0.032942	0.034731	0.028476	0.027450	
-0.058531	-0.075050	-0.062775	-0.075951	-0.057942	-0.069512	-0.071296	-0.063072	-0.054207	-0.074156	-0.070391	-0.074325	-0.055958	-0.078637	1.064402	0.167797	0.021579	-0.053529	-0.062936	-0.007001	0.026642	0.012841	-0.004560	-0.002649	-0.072170	0.001850	0.040987	-0.076473	-0.061896	0.011507	0.005923	-0.001917	-0.003312	-0.012738	0.027215	0.040676	0.000832	0.113048	0.024785	-0.059432	0.020525	-0.014988	0.196989	0.126650	0.145519	0.141081	0.179886	-0.072085	-0.066138	-0.062629	-0.066660	-0.062192	-0.066991	-0.055949	-0.071219	-0.067371	-0.059341	-0.059919	-0.067351	-0.049821	-0.046432	-0.063925	-0.063260	-0.077124	-0.048471	
-0.073975	-0.068914	-0.063915	-0.062502	-0.059715	-0.067175	-0.056076	-0.073512	-0.065141	-0.072658	-0.064763	-0.064246	-0.065217	-0.064759	0.167797	1.077895	0.021298	-0.061675	-0.055735	-0.004434	0.029807	0.004070	-0.018054	-0.027126	-0.065532	-0.011685	0.030958	-0.070194	-0.059198	0.007527	-0.008157	-0.005513	-0.007273	-0.000211	0.043749	0.024546	0.006089	0.088885	0.007683	-0.061999	-0.006999	-0.008178	0.194505	0.108623	0.126616	0.103704	0.339446	-0.054711	-0.071403	-0.062654	-0.063973	-0.073355	-0.058670	-0.066400	-0.064443	-0.067133	-0.060906	-0.066894	-0.049710	-0.059433	-0.059845	-0.051390	-0.080568	-0.058732	-0.049044	
-0.083674	-0.083009	-0.070921	-0.073064	-0.077825	-0.071189	-0.063556	-0.070580	-0.073934	-0.067634	-0.065293	-0.072573	-0.072169	-0.073736	0.021579	0.021298	1.140036	-0.072249	-0.066813	0.009396	0.114423	0.194063	0.037068	0.013843	-0.069538	0.000312	0.106252	-0.055036	-0.061960	0.047710	0.050335	0.038182	0.007122	0.000449	0.147009	0.091307	0.034184	0.019157	0.071318	-0.071178	0.023801	0.008645	0.027230	0.011880	0.065447	0.056126	0.047979	-0.061554	-0.069961	-0.055410	-0.075627	-0.066773	-0.065123	-0.069328	-0.075978	-0.071280	-0.064183	-0.056334	-0.048930	-0.048862	-0.049542	-0.074641	-0.048458	-0.043043	-0.083360	
0.010392	0.017550	0.020031	0.018287	0.046308	0.036199	0.009858	0.012150	0.038557	0.010258	0.016785	0.010639	0.018557	0.015931	-0.053529	-0.061675	-0.072249	0.849397	0.052457	-0.077656	-0.060955	-0.053052	-0.145634	-0.081254	0.047839	-0.058495	-0.063510	0.021238	0.054286	-0.126422	-0.129987	-0.142388	-0.058723	-0.059122	-0.064492	-0.060476	-0.130287	-0.059241	-0.055852	0.041786	-0.132866	-0.085066	-0.076380	-0.065446	-0.066814	-0.064693	-0.057900	0.046990	0.050946	0.065688	0.044760	0.057459	0.051712	0.057635	0.040053	0.048266	0.031665	0.017476	0.001944	0.013564	0.013901	0.019261	0.008254	0.009563	0.017503	
0.004538	0.008983	0.015435	0.007281	0.044445	0.052248	0.004929	-0.000757	0.045546	0.001245	0.014484	0.010581	-0.007788	-0.000042	-0.062936	-0.055735	-0.066813	0.052457	0.870676	-0.091998	-0.063256	-0.049470	-0.124193	-0.082382	0.060385	-0.054846	-0.058941	0.050844	0.061438	-0.129330	-0.131231	-0.125823	-0.060652	-0.068286	-0.057878	-0.042358	-0.127043	-0.053677	-0.052346	0.038048	-0.134573	-0.078479	-0.063988	-0.066469	-0.060528	-0.077673	-0.049822	0.036439	0.049908	0.045924	0.070336	0.036381	0.044172	0.059913	0.045498	0.043210	0.045514	0.013392	0.004382	0.009947	0.012241	0.025626	0.017585	0.004823	0.030332	
-0.084970	-0.067756	-0.083266	-0.071232	-0.077394	-0.078636	-0.072392	-0.077989	-0.073664	-0.076515	-0.074193	-0.076512	-0.075327	-0.071300	-0.007001	-0.004434	0.009396	-0.077656	-0.091998	1.218410	0.011141	-0.000480	0.134942	0.195572	-0.080046	0.125177	0.011053	-0.085890	-0.087067	0.142821	0.143800	0.147958	0.100132	0.139601	0.021219	0.017528	0.139661	0.010329	-0.016396	-0.083673	0.156453	0.176289	0.009082	0.010940	0.011265	0.004761	-0.011501	-0.083959	-0.079641	-0.079521	-0.069990	-0.091553	-0.079104	-0.076904	-0.083198	-0.064281	-0.065027	-0.076571	-0.092134	-0.078665	-0.082780	-0.068431	-0.080427	-0.084593	-0.090155	
-0.069909	-0.065221	-0.073259	-0.068738	-0.056389	-0.057232	-0.070887	-0.076979	-0.063005	-0.059783	-0.072224	-0.063498	-0.070135	-0.066431	0.026642	0.029807	0.114423	-0.060955	-0.063256	0.011141	1.088247	0.102338	-0.005512	0.009425	-0.061191	-0.013079	0.095743	-0.056550	-0.061426	0.018770	0.009662	0.007787	-0.006211	0.005947	0.164741	0.087352	0.016421	0.024423	0.216759	-0.055814	0.022800	0.006041	0.017993	0.033321	0.044671	0.045138	0.028325	-0.060733	-0.064774	-0.060983	-0.059279	-0.065100	-0.075575	-0.058912	-0.058806	-0.052933	-0.052161	-0.059064	-0.052588	-0.056910	-0.050419	-0.061918	-0.060820	-0.063462	-0.055895	
-0.073037	-0.056750	-0.062001	-0.067340	-0.053963	-0.062699	-0.055384	-0.057266	-0.061983	-0.060510	-0.059986	-0.062483	-0.065560	-0.063511	0.012841	0.004070	0.194063	-0.053052	-0.049470	-0.000480	0.102338	1.114571	0.002578	0.000276	-0.056764	0.005096	0.090427	-0.058382	-0.065197	0.017434	0.008218	0.003732	0.006220	-0.000491	0.106280	0.069059	0.018626	0.009309	0.066303	-0.063733	0.013806	0.005414	0.025986	0.018149	0.033002	0.055329	0.010284	-0.046143	-0.048934	-0.053386	-0.051946	-0.064798	-0.064292	-0.054316	-0.050059	-0.048998	-0.054499	-0.051586	-0.044340	-0.054019	-0.052240	-0.041976	-0.051732	-0.057769	-0.045978	
-0.142726	-0.146673	-0.125985	-0.146868	-0.144371	-0.133697	-0.153327	-0.132187	-0.147364	-0.144527	-0.146264	-0.147123	-0.149232	-0.135941	-0.004560	-0.018054	0.037068	-0.145634	-0.124193	0.134942	-0.005512	0.002578	1.433435	0.202704	-0.132295	0.056203	0.024348	-0.110637	-0.143295	0.463866	0.585206	0.648254	0.092231	0.071325	0.002239	0.011452	0.532414	0.018928	-0.027958	-0.132349	0.481142	0.132240	0.013080	0.017229	0.005513	0.018261	-0.012677	-0.139039	-0.147533	-0.131592	-0.137654	-0.108761	-0.143196	-0.131588	-0.134178	-0.125374	-0.132633	-0.123141	-0.090335	-0.132704	-0.112586	-0.138315	-0.096350	-0.115213	-0.149337	
-0.091619	-0.091507	-0.079795	-0.087755	-0.092557	-0.085726	-0.088376	-0.085860	-0.090078	-0.082115	-0.088928	-0.103722	-0.091930	-0.087242	-0.002649	-0.027126	0.013843	-0.081254	-0.082382	0.195572	0.009425	0.000276	0.202704	1.233115	-0.076932	0.130396	0.010959	-0.065530	-0.097402	0.171273	0.199129	0.187284	0.139369	0.106221	-0.003642	0.029014	0.159750	0.015747	-0.000670	-0.086937	0.171673	0.190956	-0.012190	0.012284	-0.004836	-0.006099	-0.028680	-0.091077	-0.079063	-0.077658	-0.088551	-0.072885	-0.078558	-0.083358	-0.094489	-0.080374	-0.081855	-0.082356	-0.069172	-0.090204	-0.074225	-0.082600	-0.076319	-0.072802	-0.067856	
0.015048	0.017914	0.017498	0.023968	0.034528	0.043648	0.008057	0.012368	0.039540	-0.002752	-0.001184	0.019120	0.008295	0.002382	-0.072170	-0.065532	-0.069538	0.047839	0.060385	-0.080046	-0.061191	-0.056764	-0.132295	-0.076932	0.865022	-0.056636	-0.073660	0.031804	0.054238	-0.129390	-0.135182	-0.139141	-0.054798	-0.055100	-0.064372	-0.038412	-0.132698	-0.062825	-0.040143	0.054987	-0.129063	-0.084877	-0.063124	-0.063572	-0.060128	-0.066741	-0.057388	0.033945	0.053659	0.054584	0.056951	0.043622	0.051547	0.059340	0.052928	0.038610	0.044637	0.014994	0.021226	0.009309	0.019208	0.008470	0.010889	0.012649	0.016737	
-0.064796	-0.056850	-0.063124	-0.058508	-0.055984	-0.052401	-0.055448	-0.054985	-0.056016	-0.063192	-0.060139	-0.060019	-0.060928	-0.056971	0.001850	-0.011685	0.000312	-0.058495	-0.054846	0.125177	-0.013079	0.005096	0.056203	0.130396	-0.056636	1.144234	-0.005197	-0.045052	-0.051859	0.073799	0.043069	0.041141	0.083513	0.142964	-0.005332	-0.001295	0.050166	-0.001176	0.000913	-0.059313	0.067034	0.127895	-0.011818	-0.010712	-0.012159	-0.011369	-0.018405	-0.044805	-0.051753	-0.055516	-0.058965	-0.051706	-0.060281	-0.055211	-0.049225	-0.056547	-0.044190	-0.043689	-0.065828	-0.049465	-0.045804	-0.046094	-0.056494	-0.050103	-0.043547	
-0.072437	-0.074843	-0.070591	-0.080682	-0.069289	-0.056765	-0.060702	-0.084601	-0.059030	-0.085299	-0.070239	-0.057270	-0.062754	-0.066339	0.040987	0.030958	0.106252	-0.063510	-0.058941	0.011053	0.095743	0.090427	0.024348	0.010959	-0.073660	-0.005197	1.149929	-0.058852	-0.060386	0.045012	0.029042	0.042188	0.032158	0.002600	0.103795	0.053923	0.038860	0.054723	0.074916	-0.064881	0.044473	0.018943	0.050650	0.060107	0.080102	0.066120	0.029567	-0.074827	-0.074083	-0.073589	-0.067345	-0.071310	-0.058717	-0.072491	-0.065871	-0.056062	-0.056943	-0.065397	-0.063514	-0.060082	-0.047929	-0.066209	-0.069321	-0.068606	-0.054246	
0.004896	0.006145	0.015360	0.019270	0.028295	0.028157	0.002502	0.016506	0.016806	0.006778	0.004261	0.000821	0.002249	0.005468	-0.076473	-0.070194	-0.055036	0.021238	0.050844	-0.085890	-0.056550	-0.058382	-0.110637	-0.065530	0.031804	-0.045052	-0.058852	0.977759	0.045054	-0.132884	-0.116473	-0.125952	-0.060930	-0.058316	-0.072581	-0.053243	-0.132504	-0.069170	-0.057873	0.134989	-0.133537	-0.076734	-0.060335	-0.066469	-0.068914	-0.065081	-0.073965	0.035301	0.051218	0.042641	0.041437	0.044748	0.057234	0.036058	0.062578	0.025217	0.037522	0.011402	0.019460	-0.003856	0.021128	0.013094	0.035703	0.029033	0.017216	
0.007260	0.015402	0.005018	0.009757	0.056570	0.047089	0.005833	0.007798	0.052144	0.007738	0.005806	-0.000565	0.011537	0.000747	-0.061896	-0.059198	-0.061960	0.054286	0.061438	-0.087067	-0.061426	-0.065197	-0.143295	-0.097402	0.054238	-0.051859	-0.060386	0.045054	0.852280	-0.121176	-0.145249	-0.143296	-0.058292	-0.056800	-0.068766	-0.057242	-0.134445	-0.061992	-0.044852	0.061524	-0.130715	-0.080772	-0.072507	-0.069693	-0.061519	-0.066184	-0.059696	0.039238	0.055611	0.052472	0.085723	0.054297	0.065715	0.046432	0.054940	0.048148	0.050368	0.019419	0.008511	0.006882	0.004696	0.006760	0.005314	0.014778	0.013738	
-0.139505	-0.134126	-0.141904	-0.137859	-0.143251	-0.128466	-0.126424	-0.136800	-0.134885	-0.133256	-0.129380	-0.140281	-0.133269	-0.137216	0.011507	0.007527	0.047710	-0.126422	-0.129330	0.142821	0.018770	0.017434	0.463866	0.171273	-0.129390	0.073799	0.045012	-0.132884	-0.121176	1.366687	0.487994	0.458704	0.088943	0.082568	0.039073	0.025840	0.458579	0.042904	-0.002604	-0.129949	0.480551	0.160954	0.030563	0.047981	0.021211	0.047686	0.007801	-0.126597	-0.125692	-0.120817	-0.132889	-0.131227	-0.140146	-0.123264	-0.140676	-0.125181	-0.118839	-0.119548	-0.119080	-0.130536	-0.144177	-0.115380	-0.132706	-0.126763	-0.120413	
-0.153614	-0.139297	-0.146236	-0.147414	-0.148038	-0.135324	-0.152893	-0.147856	-0.147742	-0.136487	-0.139947	-0.145351	-0.146607	-0.143952	0.005923	-0.008157	0.050335	-0.129987	-0.131231	0.143800	0.009662	0.008218	0.585206	0.199129	-0.135182	0.043069	0.029042	-0.116473	-0.145249	0.487994	1.426120	0.559721	0.086068	0.073362	0.024486	0.012034	0.578005	0.029844	-0.017249	-0.140527	0.486348	0.161316	0.010798	0.044072	0.014547	0.032247	-0.001121	-0.131544	-0.141862	-0.138137	-0.138691	-0.138294	-0.134881	-0.124914	-0.128731	-0.135371	-0.130364	-0.118608	-0.117143	-0.131756	-0.123051	-0.141397	-0.139879	-0.128468	-0.143932	
-0.141951	-0.133523	-0.143329	-0.149970	-0.144804	-0.147729	-0.141590	-0.151427	-0.143314	-0.136309	-0.141379	-0.151372	-0.140277	-0.146433	-0.001917	-0.005513	0.038182	-0.142388	-0.125823	0.147958	0.007787	0.003732	0.648254	0.187284	-0.139141	0.041141	0.042188	-0.125952	-0.143296	0.458704	0.559721	1.436752	0.087589	0.074476	0.007220	0.032475	0.551828	0.009990	-0.026414	-0.139231	0.494411	0.138327	0.003661	0.022616	0.010924	0.028370	-0.003862	-0.129417	-0.144837	-0.128171	-0.142107	-0.131110	-0.133391	-0.125813	-0.122416	-0.125694	-0.131349	-0.123606	-0.128310	-0.127692	-0.108194	-0.134661	-0.120534	-0.118245	-0.134458	
-0.078923	-0.069477	-0.059403	-0.068193	-0.065056	-0.056175	-0.069367	-0.065524	-0.061269	-0.075131	-0.071693	-0.082225	-0.060251	-0.062575	-0.003312	-0.007273	0.007122	-0.058723	-0.060652	0.100132	-0.006211	0.006220	0.092231	0.139369	-0.054798	0.083513	0.032158	-0.060930	-0.058292	0.088943	0.086068	0.087589	1.175475	0.123925	0.014995	0.019090	0.079125	-0.008550	0.009878	-0.061696	0.107457	0.132654	-0.006786	-0.009126	-0.018556	-0.003508	-0.020734	-0.064929	-0.048122	-0.074362	-0.064671	-0.067225	-0.058802	-0.069986	-0.058932	-0.056903	-0.056058	-0.058763	-0.068919	-0.059786	-0.068800	-0.058150	-0.047979	-0.052500	-0.059842	
-0.064424	-0.068411	-0.071411	-0.064478	-0.056171	-0.062400	-0.058617	-0.067314	-0.052179	-0.071773	-0.064957	-0.066763	-0.066011	-0.067127	-0.012738	-0.000211	0.000449	-0.059122	-0.068286	0.139601	0.005947	-0.000491	0.071325	0.106221	-0.055100	0.142964	0.002600	-0.058316	-0.056800	0.082568	0.073362	0.074476	0.123925	1.174914	0.015334	0.011062	0.086497	0.004427	-0.003848	-0.068800	0.078121	0.144021	-0.013884	-0.011911	-0.012404	-0.004708	-0.015806	-0.070383	-0.045936	-0.060236	-0.060622	-0.066606	-0.057072	-0.062094	-0.066615	-0.066949	-0.055200	-0.058427	-0.067470	-0.059986	-0.070489	-0.052634	-0.046646	-0.050212	-0.062948	
-0.070784	-0.068821	-0.077397	-0.071171	-0.064457	-0.063246	-0.072816	-0.076991	-0.070097	-0.064194	-0.067604	-0.062848	-0.068184	-0.074653	0.027215	0.043749	0.147009	-0.064492	-0.057878	0.021219	0.164741	0.106280	0.002239	-0.003642	-0.064372	-0.005332	0.103795	-0.072581	-0.068766	0.039073	0.024486	0.007220	0.014995	0.015334	1.126184	0.130328	0.026847	0.046239	0.107447	-0.064571	0.024626	0.020004	0.030095	0.043854	0.046601	0.040943	0.041046	-0.058092	-0.070732	-0.076625	-0.064655	-0.065393	-0.076226	-0.070027	-0.072273	-0.069527	-0.067929	-0.062810	-0.064258	-0.059840	-0.064001	-0.059744	-0.059361	-0.075675	-0.054643	
-0.072763	-0.063211	-0.076350	-0.064289	-0.058156	-0.064690	-0.066201	-0.064745	-0.065324	-0.061703	-0.077004	-0.075869	-0.071898	-0.069866	0.040676	0.024546	0.091307	-0.060476	-0.042358	0.017528	0.087352	0.069059	0.011452	0.029014	-0.038412	-0.001295	0.053923	-0.053243	-0.057242	0.025840	0.012034	0.032475	0.019090	0.011062	0.130328	1.162817	0.026138	0.038163	0.064550	-0.053895	0.023389	0.002951	0.057032	0.027952	0.015302	0.036772	0.036279	-0.050702	-0.046300	-0.056222	-0.049400	-0.058507	-0.054034	-0.057004	-0.065407	-0.060741	-0.051131	-0.062780	-0.052542	-0.059028	-0.070931	-0.061637	-0.059307	-0.067781	-0.060001	
-0.150452	-0.135301	-0.135087	-0.144465	-0.149788	-0.139288	-0.136197	-0.136025	-0.131054	-0.141303	-0.148693	-0.135674	-0.146859	-0.142223	0.000832	0.006089	0.034184	-0.130287	-0.127043	0.139661	0.016421	0.018626	0.532414	0.159750	-0.132698	0.050166	0.038860	-0.132504	-0.134445	0.458579	0.578005	0.551828	0.079125	0.086497	0.026847	0.026138	1.441347	0.024605	-0.008845	-0.128094	0.488179	0.146499	0.023461	0.027396	-0.004153	0.021558	-0.001298	-0.122778	-0.132556	-0.125553	-0.135322	-0.138055	-0.138108	-0.128546	-0.143752	-0.120786	-0.129116	-0.130440	-0.124868	-0.119878	-0.129537	-0.127653	-0.131383	-0.136691	-0.131492	
-0.070503	-0.077779	-0.064374	-0.060930	-0.054948	-0.061626	-0.059763	-0.070128	-0.062559	-0.077344	-0.073119	-0.074825	-0.072826	-0.074289	0.113048	0.088885	0.019157	-0.059241	-0.053677	0.010329	0.024423	0.009309	0.018928	0.015747	-0.062825	-0.001176	0.054723	-0.069170	-0.061992	0.042904	0.029844	0.009990	-0.008550	0.004427	0.046239	0.038163	0.024605	1.095580	0.025701	-0.058939	0.024291	0.007797	0.122606	0.183205	0.092452	0.116351	0.097136	-0.060247	-0.065262	-0.063353	-0.064268	-0.070182	-0.061482	-0.062453	-0.063370	-0.058705	-0.055291	-0.066486	-0.061467	-0.070140	-0.054069	-0.051940	-0.075371	-0.060053	-0.060862	
-0.060172	-0.050546	-0.062748	-0.059529	-0.044276	-0.043027	-0.045154	-0.067139	-0.049473	-0.060084	-0.060895	-0.064464	-0.046537	-0.063681	0.024785	0.007683	0.071318	-0.055852	-0.052346	-0.016396	0.216759	0.066303	-0.027958	-0.000670	-0.040143	0.000913	0.074916	-0.057873	-0.044852	-0.002604	-0.017249	-0.026414	0.009878	-0.003848	0.107447	0.064550	-0.008845	0.025701	1.082992	-0.055742	-0.010597	-0.008063	0.030572	0.030877	0.041119	0.035540	0.017676	-0.041638	-0.039460	-0.051174	-0.049526	-0.058874	-0.058199	-0.056851	-0.045665	-0.052645	-0.042975	-0.046610	-0.050339	-0.042802	-0.053306	-0.046932	-0.057150	-0.039798	-0.041648	
0.017435	0.006541	0.010483	0.017759	0.046346	0.047452	0.002602	0.008668	0.043023	0.015569	-0.008970	0.000594	0.008356	-0.002633	-0.059432	-0.061999	-0.071178	0.041786	0.038048	-0.083673	-0.055814	-0.063733	-0.132349	-0.086937	0.054987	-0.059313	-0.064881	0.134989	0.061524	-0.129949	-0.140527	-0.139231	-0.061696	-0.068800	-0.064571	-0.053895	-0.128094	-0.058939	-0.055742	0.897433	-0.122726	-0.076147	-0.057654	-0.055185	-0.066670	-0.062609	-0.065950	0.038902	0.043852	0.051758	0.060291	0.062596	0.056985	0.047014	0.057587	0.052258	0.037609	0.007323	0.019625	0.001525	0.007020	0.007130	0.002996	0.001072	0.005899	
-0.146001	-0.125758	-0.141299	-0.136136	-0.140028	-0.127381	-0.125242	-0.141238	-0.128678	-0.133660	-0.134015	-0.136821	-0.120390	-0.138635	0.020525	-0.006999	0.023801	-0.132866	-0.134573	0.156453	0.022800	0.013806	0.481142	0.171673	-0.129063	0.067034	0.044473	-0.133537	-0.130715	0.480551	0.486348	0.494411	0.107457	0.078121	0.024626	0.023389	0.488179	0.024291	-0.010597	-0.122726	1.382491	0.155633	0.011128	0.044908	0.007296	0.030299	0.001356	-0.120920	-0.126687	-0.131490	-0.129869	-0.131173	-0.129232	-0.131597	-0.130534	-0.124521	-0.124574	-0.118349	-0.128077	-0.116125	-0.136652	-0.124471	-0.128155	-0.122735	-0.138651	
-0.076986	-0.085579	-0.090348	-0.072578	-0.079038	-0.071665	-0.083517	-0.077578	-0.084064	-0.084232	-0.077957	-0.074223	-0.079931	-0.080235	-0.014988	-0.008178	0.008645	-0.085066	-0.078479	0.176289	0.006041	0.005414	0.132240	0.190956	-0.084877	0.127895	0.018943	-0.076734	-0.080772	0.160954	0.161316	0.138327	0.132654	0.144021	0.020004	0.002951	0.146499	0.007797	-0.008063	-0.076147	0.155633	1.198128	0.006406	0.022693	0.010492	0.005772	-0.004744	-0.074285	-0.090283	-0.081790	-0.058296	-0.093889	-0.086826	-0.082498	-0.080157	-0.072261	-0.074508	-0.070612	-0.086726	-0.069514	-0.083758	-0.084242	-0.080402	-0.078884	-0.081550	
-0.074916	-0.078619	-0.070439	-0.076247	-0.065574	-0.059227	-0.068064	-0.081748	-0.061297	-0.080333	-0.078340	-0.074405	-0.076739	-0.078860	0.196989	0.194505	0.027230	-0.076380	-0.063988	0.009082	0.017993	0.025986	0.013080	-0.012190	-0.063124	-0.011818	0.050650	-0.060335	-0.072507	0.030563	0.010798	0.003661	-0.006786	-0.013884	0.030095	0.057032	0.023461	0.122606	0.030572	-0.057654	0.011128	0.006406	1.102159	0.137915	0.119949	0.119041	0.193030	-0.065717	-0.069039	-0.080424	-0.078482	-0.058726	-0.066481	-0.065442	-0.079877	-0.071269	-0.074308	-0.060690	-0.067042	-0.050327	-0.068049	-0.054657	-0.070339	-0.053769	-0.060799	
-0.073962	-0.079739	-0.080356	-0.071935	-0.065585	-0.062280	-0.071243	-0.081487	-0.058275	-0.074667	-0.068074	-0.079599	-0.069070	-0.083015	0.126650	0.108623	0.011880	-0.065446	-0.066469	0.010940	0.033321	0.018149	0.017229	0.012284	-0.063572	-0.010712	0.060107	-0.066469	-0.069693	0.047981	0.044072	0.022616	-0.009126	-0.011911	0.043854	0.027952	0.027396	0.183205	0.030877	-0.055185	0.044908	0.022693	0.137915	1.087052	0.122995	0.123149	0.120454	-0.068479	-0.058775	-0.069505	-0.053155	-0.075160	-0.051832	-0.060369	-0.069648	-0.055414	-0.066864	-0.075099	-0.077900	-0.073069	-0.060484	-0.065325	-0.059420	-0.067267	-0.073742	
-0.084218	-0.067152	-0.057383	-0.065507	-0.066939	-0.059797	-0.063828	-0.063753	-0.066756	-0.077361	-0.065178	-0.070774	-0.065754	-0.082637	0.145519	0.126616	0.065447	-0.066814	-0.060528	0.011265	0.044671	0.033002	0.005513	-0.004836	-0.060128	-0.012159	0.080102	-0.068914	-0.061519	0.021211	0.014547	0.010924	-0.018556	-0.012404	0.046601	0.015302	-0.004153	0.092452	0.041119	-0.066670	0.007296	0.010492	0.119949	0.122995	1.065399	0.175442	0.140501	-0.063701	-0.070181	-0.066958	-0.062242	-0.069685	-0.075305	-0.070566	-0.060004	-0.056792	-0.060428	-0.059926	-0.060025	-0.066093	-0.044758	-0.059109	-0.068081	-0.060059	-0.060088	
-0.070056	-0.067774	-0.072731	-0.068798	-0.072622	-0.071051	-0.062347	-0.076399	-0.071673	-0.078336	-0.067999	-0.070484	-0.064664	-0.082367	0.141081	0.103704	0.056126	-0.064693	-0.077673	0.004761	0.045138	0.055329	0.018261	-0.006099	-0.066741	-0.011369	0.066120	-0.065081	-0.066184	0.047686	0.032247	0.028370	-0.003508	-0.004708	0.040943	0.036772	0.021558	0.116351	0.035540	-0.062609	0.030299	0.005772	0.119041	0.123149	0.175442	1.088279	0.116259	-0.050721	-0.074587	-0.068762	-0.064172	-0.070016	-0.068531	-0.067012	-0.077899	-0.071369	-0.066443	-0.070089	-0.074379	-0.064565	-0.077329	-0.072351	-0.070346	-0.080784	-0.075681	
-0.067192	-0.065286	-0.070536	-0.071237	-0.062757	-0.064524	-0.063677	-0.072558	-0.063593	-0.067528	-0.068381	-0.066642	-0.057221	-0.085524	0.179886	0.339446	0.047979	-0.057900	-0.049822	-0.011501	0.028325	0.010284	-0.012677	-0.028680	-0.057388	-0.018405	0.029567	-0.073965	-0.059696	0.007801	-0.001121	-0.003862	-0.020734	-0.015806	0.041046	0.036279	-0.001298	0.097136	0.017676	-0.065950	0.001356	-0.004744	0.193030	0.120454	0.140501	0.116259	1.039544	-0.057060	-0.063732	-0.075044	-0.065531	-0.074609	-0.057287	-0.063728	-0.068328	-0.061399	-0.061756	-0.072367	-0.045659	-0.057553	-0.074532	-0.058720	-0.064789	-0.058542	-0.054026	
0.012776	0.014091	0.014391	0.015271	0.043629	0.049823	0.010762	0.005705	0.040559	0.018834	0.021877	0.007323	0.012946	0.002432	-0.072085	-0.054711	-0.061554	0.046990	0.036439	-0.083959	-0.060733	-0.046143	-0.139039	-0.091077	0.033945	-0.044805	-0.074827	0.035301	0.039238	-0.126597	-0.131544	-0.129417	-0.064929	-0.070383	-0.058092	-0.050702	-0.122778	-0.060247	-0.041638	0.038902	-0.120920	-0.074285	-0.065717	-0.068479	-0.063701	-0.050721	-0.057060	0.849909	0.039949	0.039525	0.050035	0.049984	0.039747	0.062401	0.053676	0.038014	0.030508	0.022864	0.002067	0.013407	0.007576	0.023959	0.001334	0.011964	0.005049	
0.012538	0.017340	0.012038	0.014045	0.040190	0.059923	0.004580	0.009055	0.028833	0.000893	0.010223	0.011613	0.023568	0.010861	-0.066138	-0.071403	-0.069961	0.050946	0.049908	-0.079641	-0.064774	-0.048934	-0.147533	-0.079063	0.053659	-0.051753	-0.074083	0.051218	0.055611	-0.125692	-0.141862	-0.144837	-0.048122	-0.045936	-0.070732	-0.046300	-0.132556	-0.065262	-0.039460	0.043852	-0.126687	-0.090283	-0.069039	-0.058775	-0.070181	-0.074587	-0.063732	0.039949	0.927001	0.035982	0.055071	0.045437	0.052913	0.044414	0.056160	0.050463	0.042665	0.005169	0.019704	0.001867	0.003765	0.021642	0.024012	0.014290	0.016826	
0.016096	0.004409	0.019316	0.017477	0.061394	0.043833	0.009841	0.018644	0.049332	0.016917	0.022423	0.007339	0.008269	0.021325	-0.062629	-0.062654	-0.055410	0.065688	0.045924	-0.079521	-0.060983	-0.053386	-0.131592	-0.077658	0.054584	-0.055516	-0.073589	0.042641	0.052472	-0.120817	-0.138137	-0.128171	-0.074362	-0.060236	-0.076625	-0.056222	-0.125553	-0.063353	-0.051174	0.051758	-0.131490	-0.081790	-0.080424	-0.069505	-0.066958	-0.068762	-0.075044	0.039525	0.035982	0.836932	0.060347	0.053687	0.053811	0.041013	0.043344	0.045894	0.035537	0.022396	0.018958	0.014580	0.008390	0.018273	0.017702	0.022467	0.014730	
0.005752	0.003819	0.006283	0.014011	0.056736	0.058231	0.004191	-0.003681	0.050417	0.000373	0.005614	0.001068	0.005080	0.010190	-0.066660	-0.063973	-0.075627	0.044760	0.070336	-0.069990	-0.059279	-0.051946	-0.137654	-0.088551	0.056951	-0.058965	-0.067345	0.041437	0.085723	-0.132889	-0.138691	-0.142107	-0.064671	-0.060622	-0.064655	-0.049400	-0.135322	-0.064268	-0.049526	0.060291	-0.129869	-0.058296	-0.078482	-0.053155	-0.062242	-0.064172	-0.065531	0.050035	0.055071	0.060347	0.871178	0.045775	0.065856	0.060889	0.047472	0.051569	0.041542	0.012877	-0.002340	0.008118	-0.012611	0.008649	0.001753	0.003803	0.025454	
0.019422	0.020792	0.025718	0.013930	0.049045	0.060369	0.000791	0.016540	0.039736	0.013980	0.017299	0.009741	0.019253	0.001140	-0.062192	-0.073355	-0.066773	0.057459	0.036381	-0.091553	-0.065100	-0.064798	-0.108761	-0.072885	0.043622	-0.051706	-0.071310	0.044748	0.054297	-0.131227	-0.138294	-0.131110	-0.067225	-0.066606	-0.065393	-0.058507	-0.138055	-0.070182	-0.058874	0.062596	-0.131173	-0.093889	-0.058726	-0.075160	-0.069685	-0.070016	-0.074609	0.049984	0.045437	0.053687	0.045775	0.886912	0.050971	0.043345	0.047624	0.044882	0.053571	0.021916	0.025399	0.007216	0.013393	0.010622	0.027263	0.017083	0.020449	
0.011044	0.008058	0.005619	0.018939	0.038825	0.048994	0.007236	0.015865	0.044124	0.008454	0.004809	0.006523	0.008364	0.013545	-0.066991	-0.058670	-0.065123	0.051712	0.044172	-0.079104	-0.075575	-0.064292	-0.143196	-0.078558	0.051547	-0.060281	-0.058717	0.057234	0.065715	-0.140146	-0.134881	-0.133391	-0.058802	-0.057072	-0.076226	-0.054034	-0.138108	-0.061482	-0.058199	0.056985	-0.129232	-0.086826	-0.066481	-0.051832	-0.075305	-0.068531	-0.057287	0.039747	0.052913	0.053811	0.065856	0.050971	0.858795	0.057066	0.076248	0.060296	0.069985	0.005000	0.018864	0.004896	0.010036	0.014063	0.018466	0.011390	0.026148	
0.009392	0.015884	0.016209	0.011700	0.046569	0.042425	0.014077	0.010790	0.046652	-0.001614	0.015294	0.008705	0.001978	0.002064	-0.055949	-0.066400	-0.069328	0.057635	0.059913	-0.076904	-0.058912	-0.054316	-0.131588	-0.083358	0.059340	-0.055211	-0.072491	0.036058	0.046432	-0.123264	-0.124914	-0.125813	-0.069986	-0.062094	-0.070027	-0.057004	-0.128546	-0.062453	-0.056851	0.047014	-0.131597	-0.082498	-0.065442	-0.060369	-0.070566	-0.067012	-0.063728	0.062401	0.044414	0.041013	0.060889	0.043345	0.057066	0.857079	0.052234	0.042518	0.035872	0.012209	0.017022	0.013895	0.025673	0.013438	0.009930	0.012387	0.018281	
0.010082	0.012139	0.008422	0.008182	0.047996	0.046554	0.014239	0.011468	0.043422	0.004287	0.013364	0.013017	0.012969	0.006491	-0.071219	-0.064443	-0.075978	0.040053	0.045498	-0.083198	-0.058806	-0.050059	-0.134178	-0.094489	0.052928	-0.049225	-0.065871	0.062578	0.054940	-0.140676	-0.128731	-0.122416	-0.058932	-0.066615	-0.072273	-0.065407	-0.143752	-0.063370	-0.045665	0.057587	-0.130534	-0.080157	-0.079877	-0.069648	-0.060004	-0.077899	-0.068328	0.053676	0.056160	0.043344	0.047472	0.047624	0.076248	0.052234	0.858277	0.056323	0.048194	0.025193	0.024855	0.012726	0.024510	0.013676	0.034670	0.011279	0.003477	
0.003725	0.021502	0.015744	0.003520	0.052043	0.036996	0.012574	-0.000925	0.053136	-0.000738	0.017377	0.012000	0.005734	0.017425	-0.067371	-0.067133	-0.071280	0.048266	0.043210	-0.064281	-0.052933	-0.048998	-0.125374	-0.080374	0.038610	-0.056547	-0.056062	0.025217	0.048148	-0.125181	-0.135371	-0.125694	-0.056903	-0.066949	-0.069527	-0.060741	-0.120786	-0.058705	-0.052645	0.052258	-0.124521	-0.072261	-0.071269	-0.055414	-0.056792	-0.071369	-0.061399	0.038014	0.050463	0.045894	0.051569	0.044882	0.060296	0.042518	0.056323	0.896769	0.038704	0.010300	0.010667	0.013581	0.002893	0.012205	0.009425	0.013042	0.024151	
0.019389	0.008143	0.001864	0.016276	0.044225	0.030583	0.017444	0.015376	0.044039	0.010340	0.006580	0.020719	0.016771	0.021106	-0.059341	-0.060906	-0.064183	0.031665	0.045514	-0.065027	-0.052161	-0.054499	-0.132633	-0.081855	0.044637	-0.044190	-0.056943	0.037522	0.050368	-0.118839	-0.130364	-0.131349	-0.056058	-0.055200	-0.067929	-0.051131	-0.129116	-0.055291	-0.042975	0.037609	-0.124574	-0.074508	-0.074308	-0.066864	-0.060428	-0.066443	-0.061756	0.030508	0.042665	0.035537	0.041542	0.053571	0.069985	0.035872	0.048194	0.038704	0.863477	0.014789	0.002256	0.013773	0.018830	0.012578	0.006438	0.011374	0.017672	
0.040276	0.032694	0.042005	0.018664	0.009787	0.013962	0.037915	0.036761	0.014901	0.030751	0.038462	0.024581	0.030143	0.026368	-0.059919	-0.066894	-0.056334	0.017476	0.013392	-0.076571	-0.059064	-0.051586	-0.123141	-0.082356	0.014994	-0.043689	-0.065397	0.011402	0.019419	-0.119548	-0.118608	-0.123606	-0.058763	-0.058427	-0.062810	-0.062780	-0.130440	-0.066486	-0.046610	0.007323	-0.118349	-0.070612	-0.060690	-0.075099	-0.059926	-0.070089	-0.072367	0.022864	0.005169	0.022396	0.012877	0.021916	0.005000	0.012209	0.025193	0.010300	0.014789	0.858762	0.061183	0.045543	0.066104	0.061065	0.062973	0.062920	0.065334	
0.025735	0.033419	0.036952	0.021479	0.011379	0.018418	0.041800	0.035253	-0.003219	0.017295	0.026348	0.036194	0.015057	0.012672	-0.067351	-0.049710	-0.048930	0.001944	0.004382	-0.092134	-0.052588	-0.044340	-0.090335	-0.069172	0.021226	-0.065828	-0.063514	0.019460	0.008511	-0.119080	-0.117143	-0.128310	-0.068919	-0.067470	-0.064258	-0.052542	-0.124868	-0.061467	-0.050339	0.019625	-0.128077	-0.086726	-0.067042	-0.077900	-0.060025	-0.074379	-0.045659	0.002067	0.019704	0.018958	-0.002340	0.025399	0.018864	0.017022	0.024855	0.010667	0.002256	0.061183	0.944781	0.070742	0.075092	0.047252	0.093235	0.073026	0.040573	
0.038901	0.032738	0.045016	0.025676	0.015910	0.012358	0.037196	0.025832	0.007479	0.030882	0.040531	0.022348	0.015177	0.034854	-0.049821	-0.059433	-0.048862	0.013564	0.009947	-0.078665	-0.056910	-0.054019	-0.132704	-0.090204	0.009309	-0.049465	-0.060082	-0.003856	0.006882	-0.130536	-0.131756	-0.127692	-0.059786	-0.059986	-0.059840	-0.059028	-0.119878	-0.070140	-0.042802	0.001525	-0.116125	-0.069514	-0.050327	-0.073069	-0.066093	-0.064565	-0.057553	0.013407	0.001867	0.014580	0.008118	0.007216	0.004896	0.013895	0.012726	0.013581	0.013773	0.045543	0.070742	0.902865	0.166266	0.055915	0.076134	0.059565	0.055135	
0.026440	0.026719	0.056680	0.023820	0.014561	0.006404	0.037051	0.026484	0.008603	0.013740	0.027497	0.018522	0.027309	0.020593	-0.046432	-0.059845	-0.049542	0.013901	0.012241	-0.082780	-0.050419	-0.052240	-0.112586	-0.074225	0.019208	-0.045804	-0.047929	0.021128	0.004696	-0.144177	-0.123051	-0.108194	-0.068800	-0.070489	-0.064001	-0.070931	-0.129537	-0.054069	-0.053306	0.007020	-0.136652	-0.083758	-0.068049	-0.060484	-0.044758	-0.077329	-0.074532	0.007576	0.003765	0.008390	-0.012611	0.013393	0.010036	0.025673	0.024510	0.002893	0.018830	0.066104	0.075092	0.166266	0.910152	0.056050	0.066276	0.065141	0.062914	
0.032227	0.040842	0.050015	0.019882	0.010753	0.018192	0.040449	0.036172	0.011411	0.034474	0.041328	0.038008	0.042000	0.032942	-0.063925	-0.051390	-0.074641	0.019261	0.025626	-0.068431	-0.061918	-0.041976	-0.138315	-0.082600	0.008470	-0.046094	-0.066209	0.013094	0.006760	-0.115380	-0.141397	-0.134661	-0.058150	-0.052634	-0.059744	-0.061637	-0.127653	-0.051940	-0.046932	0.007130	-0.124471	-0.084242	-0.054657	-0.065325	-0.059109	-0.072351	-0.058720	0.023959	0.021642	0.018273	0.008649	0.010622	0.014063	0.013438	0.013676	0.012205	0.012578	0.061065	0.047252	0.055915	0.056050	0.854909	0.067632	0.044652	0.057402	
0.036018	0.031345	0.040628	0.032362	0.013529	-0.000178	0.030644	0.032917	0.001959	0.023461	0.032803	0.020351	0.034223	0.034731	-0.063260	-0.080568	-0.048458	0.008254	0.017585	-0.080427	-0.060820	-0.051732	-0.096350	-0.076319	0.010889	-0.056494	-0.069321	0.035703	0.005314	-0.132706	-0.139879	-0.120534	-0.047979	-0.046646	-0.059361	-0.059307	-0.131383	-0.075371	-0.057150	0.002996	-0.128155	-0.080402	-0.070339	-0.059420	-0.068081	-0.070346	-0.064789	0.001334	0.024012	0.017702	0.001753	0.027263	0.018466	0.009930	0.034670	0.009425	0.006438	0.062973	0.093235	0.076134	0.066276	0.067632	0.930086	0.073043	0.060036	
0.039181	0.048286	0.054030	0.033549	0.018161	0.008588	0.030452	0.055463	0.004861	0.037360	0.044552	0.025730	0.029165	0.028476	-0.077124	-0.058732	-0.043043	0.009563	0.004823	-0.084593	-0.063462	-0.057769	-0.115213	-0.072802	0.012649	-0.050103	-0.068606	0.029033	0.014778	-0.126763	-0.128468	-0.118245	-0.052500	-0.050212	-0.075675	-0.067781	-0.136691	-0.060053	-0.039798	0.001072	-0.122735	-0.078884	-0.053769	-0.067267	-0.060059	-0.080784	-0.058542	0.011964	0.014290	0.022467	0.003803	0.017083	0.011390	0.012387	0.011279	0.013042	0.011374	0.062920	0.073026	0.059565	0.065141	0.044652	0.073043	0.895480	0.054297	
