0.858119	-0.005977	0.030108	0.048329	0.015628	0.029196	0.032886	-0.004485	-0.011330	-0.004264	-0.002789	0.006425	-0.002090	0.003488	0.007535	-0.020151	-0.022039	0.002648	0.000071	-0.002439	0.007568	0.005957	-0.018160	-0.007103	-0.011797	-0.003147	-0.004066	0.014409	-0.000687	0.002425	0.004419	0.004323	-0.018592	-0.001343	-0.014205	-0.051492	-0.006275	-0.007071	-0.007160	-0.020051	-0.018765	-0.020525	-0.038039	-0.016239	-0.010982	0.000898	0.001533	-0.007332	-0.020353	-0.019816	-0.007690	-0.004586	-0.013739	-0.000316	-0.018708	-0.011582	-0.010507	-0.024192	-0.015104	-0.010870	-0.034718	-0.023864	-0.005216	-0.013259	-0.011110	-0.057785	-0.009070	-0.025634	-0.028252	-0.018446	-0.003330	-0.008061	-0.039668	-0.051323	-0.022531	0.003337	0.001655	-0.023507	-0.036682	0.000184	-0.023433	-0.029380	-0.031217	-0.014030	-0.005669	-0.045652	-0.019885	-0.012925	-0.011611	-0.033484	-0.025571	-0.030141	0.007146	0.022348	
-0.005977	0.964501	0.002477	0.034199	0.034087	0.008676	0.012155	-0.010845	-0.002567	-0.022565	-0.026025	-0.013471	0.045970	-0.006059	-0.023146	-0.044072	-0.019420	0.016549	-0.036447	-0.036963	-0.026834	0.015318	-0.006160	-0.007736	-0.019161	-0.020733	-0.030694	0.004086	0.031140	0.054885	0.026583	-0.027351	-0.026848	0.012362	-0.022342	-0.004500	0.004516	0.019870	-0.037824	-0.028708	0.003624	-0.018477	-0.027696	-0.030027	-0.006669	-0.007277	0.014342	-0.026960	-0.024753	-0.010279	-0.014992	-0.028354	-0.018060	-0.009849	-0.035787	0.022196	-0.022503	-0.034213	0.035533	-0.024218	-0.021539	-0.022599	-0.015215	0.008286	-0.028872	-0.032730	-0.029822	-0.030419	-0.013780	-0.026509	-0.017375	-0.028196	0.001904	-0.035085	-0.028329	-0.031829	-0.027733	0.001735	-0.008617	-0.015799	-0.022962	0.011127	-0.020742	-0.026583	-0.032164	-0.001634	0.004111	-0.014561	-0.019193	-0.003877	-0.028410	0.003251	-0.027496	0.012819	
0.030108	0.002477	0.884302	0.033370	0.046651	0.063572	0.061549	-0.027915	0.024952	-0.022354	-0.001270	0.000200	-0.023941	-0.008993	-0.001607	-0.012615	-0.002492	-0.001554	0.002209	0.008985	-0.003657	-0.011014	-0.009945	-0.016664	-0.008481	-0.020058	-0.013784	0.042958	0.004533	0.016581	0.030924	-0.030825	-0.028532	-0.038130	-0.033212	-0.029823	-0.007025	-0.031701	-0.013995	-0.022331	-0.014062	-0.047654	-0.020707	-0.047572	-0.024284	-0.024643	-0.015392	-0.015550	-0.027161	-0.000313	-0.029180	-0.017646	-0.027787	-0.034131	-0.023297	-0.026164	-0.022101	-0.016912	-0.034974	-0.014202	-0.039710	-0.021008	-0.014131	0.001164	-0.017943	-0.031676	-0.036154	-0.036356	-0.021262	-0.020337	-0.028529	-0.030350	-0.003990	-0.029700	-0.038546	-0.009236	-0.019601	-0.038859	-0.036241	0.005422	-0.005632	0.035211	0.011845	-0.032728	-0.037395	0.019302	-0.009407	-0.019800	-0.005262	0.005090	-0.016182	-0.002996	0.004106	0.080269	
0.048329	0.034199	0.033370	0.919464	0.000791	0.048171	0.027786	-0.007981	-0.010322	-0.005196	0.007775	-0.005383	0.032181	-0.021546	-0.011504	-0.014629	-0.016732	0.014888	-0.024246	-0.001027	-0.005027	0.025967	-0.004325	0.020922	-0.000221	-0.011946	-0.016518	0.010909	0.003587	-0.006776	-0.002466	-0.020978	-0.015909	-0.005391	-0.027402	-0.005723	-0.027424	0.021573	-0.004765	-0.021759	-0.035374	-0.006196	-0.047084	-0.026783	-0.025596	-0.027730	-0.007332	-0.010161	-0.034642	-0.040634	-0.019751	-0.019029	-0.031307	-0.018434	-0.040500	0.015420	-0.027905	-0.021219	0.003663	-0.020059	-0.029114	0.004093	-0.013005	-0.029795	-0.024709	-0.051340	-0.032602	-0.018734	-0.037215	-0.029098	-0.010912	-0.003571	-0.019618	-0.051249	-0.025830	-0.004812	-0.012406	-0.010204	-0.013773	0.006352	-0.027120	0.038114	-0.034483	-0.046416	-0.025114	-0.020412	0.013629	0.028211	-0.001499	-0.020730	-0.023691	-0.028495	-0.026345	0.015875	
0.015628	0.034087	0.046651	0.000791	0.860438	0.033953	0.054216	-0.027158	0.012150	-0.019601	-0.013222	-0.016083	-0.024861	-0.018725	0.032353	-0.042244	-0.021025	-0.007893	-0.011333	-0.023305	-0.005237	-0.008851	-0.008188	-0.032130	-0.013376	-0.006450	0.004915	0.120896	0.001632	0.035100	0.015905	-0.032849	-0.014576	0.002174	-0.024212	-0.019516	0.030499	-0.024239	-0.003689	-0.021111	0.001861	-0.018587	-0.020025	-0.033106	-0.040663	-0.033348	-0.039118	-0.018421	-0.028524	0.023941	-0.042224	-0.003978	-0.012372	-0.039736	0.009451	-0.019997	-0.034623	-0.015858	-0.016982	-0.013910	-0.039904	-0.022007	-0.017249	0.011773	-0.031238	-0.030787	-0.010330	-0.025958	-0.022714	-0.041136	-0.031724	-0.021345	-0.015278	-0.022525	-0.013671	-0.013506	-0.010341	-0.014926	-0.035427	-0.004395	-0.033524	-0.004266	-0.024718	-0.043613	-0.043901	-0.000611	-0.041801	-0.004812	-0.035022	0.007340	-0.041816	0.014419	0.005999	0.062338	
0.029196	0.008676	0.063572	0.048171	0.033953	0.905800	0.043041	0.001776	0.021440	-0.001897	-0.001478	0.000303	-0.023723	-0.014145	-0.012100	-0.021516	0.009258	-0.018229	-0.002839	-0.001354	-0.010252	-0.026279	-0.021665	0.003351	-0.028587	-0.010066	-0.004392	0.048245	-0.004835	0.023785	0.025479	-0.020816	-0.032273	-0.019829	-0.026614	-0.030313	-0.001855	-0.017768	0.002758	-0.029823	-0.017272	-0.016212	-0.023447	-0.039532	-0.029609	-0.031861	-0.041013	-0.014907	-0.037216	-0.018525	-0.021292	-0.009572	-0.026527	-0.038081	-0.027333	-0.035383	-0.021516	-0.049654	-0.043551	-0.040610	-0.027645	-0.034644	-0.029276	0.007099	-0.018117	-0.038061	-0.022735	-0.030075	-0.046984	-0.025181	-0.027819	-0.013415	-0.013485	-0.031321	-0.020202	-0.003508	-0.013840	-0.026297	-0.040861	0.017614	-0.030154	-0.001928	0.010072	-0.024812	-0.018991	0.034094	-0.015600	-0.018534	-0.001017	0.009750	-0.014834	0.016291	0.037055	0.050668	
0.032886	0.012155	0.061549	0.027786	0.054216	0.043041	0.939403	-0.025076	0.009402	-0.027094	-0.015821	-0.009368	-0.005556	-0.018797	0.005541	-0.025243	-0.017338	0.008874	-0.002314	0.003262	-0.015101	-0.020935	-0.009918	-0.030578	-0.011576	-0.017041	-0.006737	0.053345	-0.002381	0.019680	0.017732	-0.025255	-0.009893	-0.026503	-0.020614	0.009241	0.004543	-0.014990	-0.006301	-0.037378	-0.015982	-0.040383	0.011905	-0.032190	-0.022083	-0.021792	-0.023709	-0.017791	-0.044383	0.001111	-0.027833	-0.020063	-0.038418	-0.020308	-0.030539	-0.030150	-0.021880	-0.027879	-0.022474	-0.032583	-0.036384	-0.021189	-0.010730	-0.004125	-0.020787	0.002756	-0.023814	-0.041187	-0.027511	-0.035526	-0.018586	-0.022203	-0.011264	0.001948	-0.045892	-0.009381	-0.013072	-0.033972	-0.043677	-0.003311	-0.013432	0.004474	0.004478	-0.046773	-0.028886	0.009884	-0.018932	-0.022372	-0.022925	0.007095	-0.041420	-0.002369	-0.001298	0.063971	
-0.004485	-0.010845	-0.027915	-0.007981	-0.027158	0.001776	-0.025076	0.916239	-0.005003	0.027393	-0.006921	-0.000972	-0.028408	0.008601	-0.019950	0.015450	0.018012	-0.032437	0.010411	0.019540	0.002092	-0.014832	-0.008048	0.010426	-0.014571	-0.006508	-0.000865	-0.018685	0.002426	-0.008636	0.012276	-0.009256	-0.002480	-0.009616	-0.015767	-0.013660	-0.015380	-0.035709	0.004574	-0.012444	-0.010377	-0.021641	-0.041299	-0.015760	0.008289	-0.010650	-0.021901	0.007818	-0.018946	-0.026197	0.002355	-0.017573	0.013732	-0.025631	-0.002780	-0.010021	-0.027126	-0.021062	-0.025231	-0.017144	-0.011707	-0.014378	-0.001011	-0.018773	0.001242	-0.044383	-0.004171	-0.009628	-0.020638	-0.019983	-0.026036	0.003323	-0.017670	-0.040737	-0.007266	-0.016539	-0.003091	0.003822	-0.004324	-0.003497	-0.007809	-0.028589	-0.028365	-0.016719	-0.013928	-0.029921	-0.041006	-0.016176	0.004738	-0.018867	0.002201	-0.017102	-0.014648	-0.012456	
-0.011330	-0.002567	0.024952	-0.010322	0.012150	0.021440	0.009402	-0.005003	1.019327	0.031009	-0.008956	-0.007739	-0.031946	0.000123	-0.023516	0.001363	0.017115	-0.036745	-0.019257	0.005001	0.009024	-0.026235	-0.006569	-0.002589	-0.031639	-0.003388	-0.022733	0.005547	-0.006544	0.025775	0.011060	-0.029561	-0.020623	-0.033710	-0.025492	-0.009632	0.013525	-0.026568	-0.010160	-0.035480	-0.013497	-0.021139	-0.000378	-0.028942	-0.020933	-0.026104	-0.028096	-0.010153	-0.043307	0.022001	-0.020849	-0.018541	-0.028251	-0.036739	-0.001353	-0.016248	-0.032705	-0.007113	-0.041095	-0.038876	-0.012001	-0.009760	-0.032391	-0.000773	-0.010940	-0.013783	-0.016088	-0.025116	-0.038244	-0.034251	-0.022612	-0.019449	-0.009370	-0.007045	-0.027112	-0.011414	-0.030451	-0.021259	-0.018947	-0.001590	-0.026468	0.008103	0.005670	-0.026454	-0.020594	0.013956	-0.025014	-0.015014	-0.022229	-0.005096	-0.015300	0.006420	0.000003	0.030838	
-0.004264	-0.022565	-0.022354	-0.005196	-0.019601	-0.001897	-0.027094	0.027393	0.031009	0.969648	-0.019621	0.019637	-0.025661	0.013630	-0.013777	0.015644	0.012654	-0.031979	-0.008659	0.011307	0.009828	-0.016563	0.002685	0.027272	-0.020165	-0.006943	-0.016344	-0.020441	-0.011663	-0.021375	-0.012231	-0.017906	-0.030890	-0.013036	-0.023151	-0.028463	-0.010405	-0.000863	0.018491	-0.016174	-0.026587	-0.016619	-0.024183	0.004794	-0.022653	-0.031771	-0.021859	-0.009128	-0.022946	-0.017583	-0.015888	-0.021120	0.010023	-0.027146	-0.003248	-0.007483	-0.034381	-0.011045	-0.029808	-0.017372	-0.002757	-0.024795	-0.004287	-0.016934	0.003163	-0.011294	-0.007154	-0.007041	-0.027240	-0.013419	-0.013291	-0.004734	0.007381	-0.027917	-0.007103	0.007927	-0.013732	-0.003621	-0.012288	-0.001181	-0.006761	-0.036965	-0.028302	-0.026330	-0.025141	-0.008634	-0.029316	-0.004654	-0.014130	-0.033839	0.001800	-0.029864	-0.016444	-0.016821	
-0.002789	-0.026025	-0.001270	0.007775	-0.013222	-0.001478	-0.015821	-0.006921	-0.008956	-0.019621	1.117450	-0.032348	-0.003327	-0.027088	-0.003001	-0.002991	-0.012339	0.014553	-0.000619	-0.008308	0.007736	-0.003049	-0.028018	0.015230	0.002567	0.015835	0.058201	-0.005161	-0.006293	-0.020267	-0.015142	-0.021818	-0.040928	-0.019303	-0.019603	-0.024479	-0.030854	-0.005206	-0.026126	-0.002812	-0.028730	-0.012746	-0.033287	-0.034356	-0.010671	-0.027715	-0.007601	-0.019589	-0.024530	-0.021421	-0.009283	-0.011621	-0.032124	-0.006677	-0.012443	-0.039985	-0.016832	-0.012062	-0.028799	-0.010983	-0.026837	-0.013080	0.012974	-0.036399	-0.024421	-0.010499	-0.003908	-0.023484	-0.014913	-0.018761	-0.017632	-0.001081	-0.008524	-0.036837	-0.008848	-0.031170	-0.019698	-0.005433	-0.003772	-0.011612	-0.001196	-0.004958	-0.001062	0.010697	-0.002689	-0.017722	-0.024599	-0.018780	-0.015617	-0.029722	-0.000950	-0.024468	-0.009490	-0.021728	
0.006425	-0.013471	0.000200	-0.005383	-0.016083	0.000303	-0.009368	-0.000972	-0.007739	0.019637	-0.032348	0.958946	-0.029865	0.100116	-0.012382	-0.000182	0.017873	-0.024647	-0.015372	-0.000834	-0.015199	-0.018898	-0.007645	0.002044	-0.010381	-0.021893	-0.031866	-0.024363	-0.005373	-0.012691	-0.008544	-0.028030	-0.013702	-0.019685	-0.021556	-0.023604	0.016894	-0.026214	-0.021861	-0.002756	-0.020695	-0.017202	-0.021822	-0.033113	-0.004640	0.005990	-0.017414	0.005908	-0.015279	-0.012677	-0.020758	-0.002327	0.008893	0.010969	-0.011222	-0.004418	-0.025778	-0.023881	-0.017848	-0.012880	-0.008411	-0.022621	-0.017735	-0.017802	0.022117	-0.014575	-0.017256	-0.016850	-0.009720	-0.014344	-0.031788	-0.017090	-0.018954	-0.028530	-0.010351	-0.015967	-0.016462	-0.003379	-0.017448	-0.005781	0.002138	-0.031234	0.009148	-0.009359	-0.016917	-0.038556	-0.045202	-0.028589	-0.019289	-0.019202	-0.017701	-0.012316	-0.025549	0.004251	
-0.002090	0.045970	-0.023941	0.032181	-0.024861	-0.023723	-0.005556	-0.028408	-0.031946	-0.025661	-0.003327	-0.029865	1.072047	-0.018458	-0.007124	0.015464	-0.025206	0.021018	-0.000585	-0.012627	-0.013129	0.022854	-0.023425	-0.010888	-0.027381	0.035428	-0.004594	-0.013447	-0.016383	-0.021463	-0.028345	-0.015924	0.008007	-0.003659	-0.024347	-0.037196	-0.016524	-0.008916	-0.045551	-0.036325	-0.033415	0.014029	-0.049406	-0.028198	-0.019198	-0.004998	0.033513	-0.026674	-0.016506	-0.039786	-0.018044	-0.041048	-0.004115	0.007559	0.009813	0.023318	-0.024263	0.005200	0.058721	-0.020090	-0.019260	-0.011889	-0.038955	-0.013272	-0.029585	-0.037192	-0.034706	-0.017917	-0.001543	0.034134	-0.026067	-0.003136	-0.006113	-0.043453	-0.014288	-0.020161	-0.008284	-0.029217	0.001399	-0.027999	-0.025693	0.000946	-0.008422	-0.042754	0.002020	-0.028004	0.043875	0.015856	-0.026263	-0.011296	-0.005272	-0.029813	-0.019412	-0.017707	
0.003488	-0.006059	-0.008993	-0.021546	-0.018725	-0.014145	-0.018797	0.008601	0.000123	0.013630	-0.027088	0.100116	-0.018458	0.940669	-0.015250	-0.002214	0.005075	-0.030565	0.005110	0.003538	-0.015116	-0.014255	-0.000108	-0.013937	-0.013224	-0.006849	-0.024530	-0.013650	-0.006062	-0.011765	-0.005257	-0.001915	-0.021893	-0.002091	-0.025871	-0.025883	0.012877	-0.034563	-0.015952	-0.009682	-0.016525	-0.018967	-0.030540	-0.021744	-0.006137	0.003298	-0.017647	0.026997	-0.011467	-0.020195	-0.016993	0.000793	0.009213	0.012343	-0.003174	0.004850	-0.034958	-0.017151	-0.020663	-0.019056	-0.001460	-0.020543	-0.007767	-0.026599	0.013288	-0.039114	-0.016817	-0.026346	-0.013591	-0.015123	-0.018507	-0.011300	-0.012305	-0.031583	-0.014953	-0.020928	-0.006129	-0.006164	-0.019002	-0.003331	-0.000915	-0.046092	0.004477	-0.017948	-0.025451	-0.038962	-0.030671	-0.033561	-0.019260	-0.024205	-0.008223	-0.006522	-0.018650	-0.006751	
0.007535	-0.023146	-0.001607	-0.011504	0.032353	-0.012100	0.005541	-0.019950	-0.023516	-0.013777	-0.003001	-0.012382	-0.007124	-0.015250	0.919946	-0.029953	-0.018250	0.063645	0.010840	-0.022546	-0.005688	-0.007591	-0.004204	-0.033144	0.018056	0.002764	0.000989	0.036185	-0.007879	-0.007874	-0.035319	0.009062	0.010350	-0.012491	-0.005754	-0.044143	-0.002256	-0.018525	-0.000219	-0.022022	-0.030764	0.000261	-0.039623	-0.030095	-0.026026	-0.001516	-0.019338	-0.022868	-0.012091	0.002833	-0.029636	-0.003938	-0.007137	0.009881	0.014901	-0.014414	-0.006754	-0.023617	-0.032793	-0.030261	-0.027072	0.008915	-0.018957	-0.013025	-0.019111	-0.029566	0.011162	-0.010288	-0.015829	-0.024282	0.001226	-0.017086	-0.012241	-0.057949	-0.005956	0.004507	0.005811	-0.005138	-0.027390	-0.002607	-0.002417	-0.034981	0.000746	-0.013667	-0.026554	-0.044085	-0.025956	-0.014207	-0.018086	-0.017835	-0.019677	-0.014740	-0.013255	0.002009	
-0.020151	-0.044072	-0.012615	-0.014629	-0.042244	-0.021516	-0.025243	0.015450	0.001363	0.015644	-0.002991	-0.000182	0.015464	-0.002214	-0.029953	1.077017	0.077377	0.004556	0.012509	0.000787	-0.022255	-0.009410	-0.006955	-0.011107	-0.021362	0.001892	0.000770	-0.052544	-0.001324	-0.019010	-0.008895	-0.017122	-0.025387	-0.038573	-0.019403	-0.022381	-0.012342	-0.021091	-0.021186	-0.023090	-0.011374	-0.002463	-0.026577	-0.010126	-0.003254	-0.023006	-0.008577	0.004704	-0.010549	-0.041026	0.020419	0.001767	-0.026622	-0.034349	-0.002859	-0.030591	-0.013156	-0.043420	-0.008546	-0.013437	0.008300	-0.015713	-0.036570	-0.021317	-0.022678	-0.014717	-0.020316	-0.010342	-0.011355	-0.002874	-0.029794	-0.012851	-0.005509	-0.025275	-0.008746	-0.031433	-0.019440	0.004054	-0.020995	-0.012431	-0.011605	0.003321	0.003674	-0.009394	-0.006867	-0.026206	0.001522	-0.013611	0.002060	-0.002191	-0.007107	-0.018553	0.000214	-0.039692	
-0.022039	-0.019420	-0.002492	-0.016732	-0.021025	0.009258	-0.017338	0.018012	0.017115	0.012654	-0.012339	0.017873	-0.025206	0.005075	-0.018250	0.077377	0.983172	-0.024708	0.015273	0.010681	-0.006198	-0.000771	-0.008831	0.001930	-0.012926	0.001885	-0.014464	-0.034514	-0.002363	-0.004943	-0.002266	-0.009099	-0.017061	-0.031674	-0.010444	-0.025257	-0.016536	-0.046168	-0.002541	-0.022322	0.003100	-0.015791	-0.022329	-0.012977	-0.008393	-0.023690	-0.017043	-0.000687	-0.000282	-0.035267	-0.012815	-0.012862	-0.013760	-0.024239	0.002652	-0.003113	-0.021765	-0.033217	-0.009133	-0.023178	0.002683	-0.010662	-0.015981	-0.019987	-0.009005	-0.031793	-0.025856	0.001220	-0.018825	-0.021454	-0.026150	-0.017409	0.001670	-0.046623	0.008661	0.001106	-0.025992	-0.006395	-0.036393	-0.006100	-0.013562	-0.034477	-0.017450	-0.020021	-0.016682	-0.026318	-0.037199	-0.013692	-0.013906	-0.011886	0.005548	-0.025198	-0.015974	-0.003148	
0.002648	0.016549	-0.001554	0.014888	-0.007893	-0.018229	0.008874	-0.032437	-0.036745	-0.031979	0.014553	-0.024647	0.021018	-0.030565	0.063645	0.004556	-0.024708	1.064883	-0.014829	-0.041384	-0.017943	0.019045	-0.023171	-0.042203	0.019264	-0.032637	-0.006728	0.006097	-0.021594	-0.034944	-0.008657	-0.027019	-0.029221	0.022874	-0.007417	-0.011104	-0.018015	0.004076	-0.023923	-0.009522	-0.026392	0.006550	-0.023689	-0.034754	-0.015834	-0.005257	-0.015513	-0.014500	-0.013514	-0.030678	-0.013081	-0.012998	-0.016154	0.005077	-0.001572	0.001141	-0.039150	-0.038055	0.013305	-0.029905	-0.046866	0.006979	-0.008464	-0.021186	-0.020456	-0.035198	-0.011840	-0.004230	-0.024041	-0.025887	-0.002124	-0.010645	-0.039393	-0.028493	-0.019990	-0.004495	0.005822	0.016252	-0.016978	-0.012777	-0.013702	0.005177	0.003683	-0.007655	-0.013188	-0.024260	0.022983	0.010279	-0.017474	-0.027360	-0.038975	-0.022199	-0.015661	-0.012637	
0.000071	-0.036447	0.002209	-0.024246	-0.011333	-0.002839	-0.002314	0.010411	-0.019257	-0.008659	-0.000619	-0.015372	-0.000585	0.005110	0.010840	0.012509	0.015273	-0.014829	0.938071	0.009237	-0.016740	-0.008237	-0.015226	-0.008156	-0.012945	0.039632	0.006571	-0.002723	-0.012643	-0.002035	-0.016358	-0.002729	-0.009552	-0.023851	-0.018236	-0.032086	-0.020834	-0.016834	-0.009533	-0.016635	-0.018432	-0.012583	-0.033699	-0.034551	-0.014763	-0.017774	-0.012873	-0.004484	-0.004020	-0.008789	-0.011172	-0.005821	-0.017037	-0.028786	0.012004	-0.027017	-0.009771	0.005114	-0.028840	-0.018623	-0.000653	-0.019925	-0.002334	-0.015768	-0.021144	-0.038347	-0.028187	-0.019130	-0.018368	0.001072	-0.018519	0.008047	-0.015790	-0.043239	-0.004281	-0.001949	0.008354	-0.014235	-0.024809	0.013640	-0.014300	-0.034744	-0.028965	-0.015592	0.004960	-0.035487	-0.028347	-0.002444	-0.018139	-0.028984	0.000075	-0.018185	-0.000507	-0.006561	
-0.002439	-0.036963	0.008985	-0.001027	-0.023305	-0.001354	0.003262	0.019540	0.005001	0.011307	-0.008308	-0.000834	-0.012627	0.003538	-0.022546	0.000787	0.010681	-0.041384	0.009237	0.937704	0.035744	-0.004334	-0.009771	0.061653	-0.011604	0.007150	0.010846	-0.015647	-0.001639	-0.008130	-0.007938	-0.013715	-0.026542	-0.018231	-0.026364	-0.020691	-0.009110	-0.024380	-0.004456	-0.015107	-0.019744	-0.031420	-0.012728	-0.017170	-0.004645	-0.016996	-0.024449	-0.007552	-0.024666	-0.023760	0.011895	-0.022023	-0.033563	-0.026376	-0.024793	-0.015148	-0.037173	0.016855	-0.025491	-0.013986	-0.010079	-0.002050	-0.021052	-0.039569	-0.011628	-0.005566	0.001515	-0.016627	-0.012943	-0.030102	-0.025452	-0.002154	-0.003619	-0.038153	-0.001313	-0.017086	-0.009325	0.004830	-0.019862	-0.002294	0.004466	-0.033138	-0.012402	-0.009965	-0.014378	-0.037930	-0.041900	-0.035010	-0.005999	-0.021068	-0.005079	-0.015207	-0.012800	-0.017344	
0.007568	-0.026834	-0.003657	-0.005027	-0.005237	-0.010252	-0.015101	0.002092	0.009024	0.009828	0.007736	-0.015199	-0.013129	-0.015116	-0.005688	-0.022255	-0.006198	-0.017943	-0.016740	0.035744	0.995884	-0.012159	-0.019160	0.013510	0.018074	-0.007395	0.009521	-0.001363	-0.001020	-0.017243	-0.015763	-0.009857	-0.021881	-0.009237	-0.036370	-0.033434	-0.015608	-0.017315	0.002433	-0.016788	-0.021623	-0.018603	-0.021267	-0.031310	-0.014261	-0.027839	-0.028545	-0.001190	-0.027870	-0.010165	-0.004987	-0.007442	-0.021739	-0.019453	-0.009305	-0.010257	-0.035363	0.009330	-0.015108	-0.016098	-0.002585	0.026244	-0.013987	-0.033313	-0.008463	-0.030879	0.004778	-0.009785	-0.023440	-0.041848	-0.014754	0.010081	-0.017489	-0.029880	-0.012672	-0.024126	-0.023610	-0.007847	-0.006988	0.014245	-0.016268	-0.022787	-0.012146	-0.020070	-0.024528	-0.004161	-0.038954	-0.007029	0.007195	-0.024602	-0.008181	-0.022239	-0.019716	-0.009880	
0.005957	0.015318	-0.011014	0.025967	-0.008851	-0.026279	-0.020935	-0.014832	-0.026235	-0.016563	-0.003049	-0.018898	0.022854	-0.014255	-0.007591	-0.009410	-0.000771	0.019045	-0.008237	-0.004334	-0.012159	0.993637	-0.021786	0.004519	-0.003543	-0.015376	-0.005901	-0.003261	-0.014025	-0.027759	-0.034941	-0.025009	0.014201	0.007413	-0.011395	-0.038016	-0.015453	0.024169	-0.012967	-0.004075	-0.026640	-0.008398	-0.044638	-0.015886	0.005870	-0.025017	0.035150	-0.028853	-0.002915	0.001162	-0.006806	-0.010217	-0.030398	-0.005726	-0.017146	0.023680	-0.031248	-0.026672	0.026274	-0.012108	-0.002139	-0.008597	-0.004091	-0.019344	-0.018053	-0.054882	-0.035043	-0.009798	-0.036829	-0.020978	-0.004107	-0.027489	-0.022164	-0.039197	-0.015012	-0.021591	-0.005889	-0.022829	-0.009564	-0.018158	-0.019979	0.029064	-0.023982	0.000032	-0.001626	-0.029280	0.005892	0.006371	-0.000671	-0.016593	-0.000031	-0.041469	-0.007288	-0.032028	
-0.018160	-0.006160	-0.009945	-0.004325	-0.008188	-0.021665	-0.009918	-0.008048	-0.006569	0.002685	-0.028018	-0.007645	-0.023425	-0.000108	-0.004204	-0.006955	-0.008831	-0.023171	-0.015226	-0.009771	-0.019160	-0.021786	0.953749	-0.007355	0.002081	-0.019724	-0.016695	-0.001766	-0.013999	-0.003159	-0.011167	-0.011929	0.006513	-0.004800	-0.017141	-0.036214	-0.000120	-0.039877	-0.016311	-0.017673	-0.019882	-0.015886	-0.027685	-0.007570	-0.014124	-0.014681	-0.002513	0.012057	-0.015744	-0.002228	-0.006317	0.005341	-0.011591	-0.007200	-0.007589	-0.007563	0.002373	-0.018275	-0.005686	-0.009754	-0.008145	-0.008978	0.003046	-0.021472	0.002989	-0.045007	-0.016039	0.006805	-0.015479	-0.007015	-0.019207	-0.026089	-0.030977	-0.044117	0.000014	-0.000544	-0.003777	-0.004471	-0.004362	-0.007746	0.004434	-0.045575	-0.016743	-0.005120	-0.012608	-0.006900	-0.002397	-0.013384	0.011014	-0.010935	-0.003051	-0.023744	-0.007507	-0.012266	
-0.007103	-0.007736	-0.016664	0.020922	-0.032130	0.003351	-0.030578	0.010426	-0.002589	0.027272	0.015230	0.002044	-0.010888	-0.013937	-0.033144	-0.011107	0.001930	-0.042203	-0.008156	0.061653	0.013510	0.004519	-0.007355	1.020220	-0.017061	0.002607	0.000090	-0.026584	-0.015006	-0.022543	-0.020248	-0.018106	-0.017942	-0.015166	-0.032070	-0.037973	-0.039135	-0.001136	-0.007304	-0.007760	-0.032813	-0.025625	-0.036966	-0.009370	0.009497	-0.033302	-0.011786	-0.006060	-0.012243	-0.031893	-0.014178	-0.009494	-0.028446	-0.012832	-0.020094	-0.010029	-0.015419	0.014359	-0.015463	-0.023121	-0.006327	-0.000377	-0.016552	-0.028155	-0.013722	-0.023860	-0.001237	-0.007479	-0.030183	-0.025311	-0.010778	-0.020055	0.020871	-0.043974	-0.008423	-0.007002	-0.015227	-0.011697	-0.004258	-0.010343	0.005094	-0.022341	-0.007852	-0.016738	0.016282	-0.037939	0.003586	-0.024236	0.001411	-0.020064	-0.004821	-0.027132	-0.009795	-0.024543	
-0.011797	-0.019161	-0.008481	-0.000221	-0.013376	-0.028587	-0.011576	-0.014571	-0.031639	-0.020165	0.002567	-0.010381	-0.027381	-0.013224	0.018056	-0.021362	-0.012926	0.019264	-0.012945	-0.011604	0.018074	-0.003543	0.002081	-0.017061	0.932945	-0.012918	0.004865	-0.008846	-0.005803	-0.014144	-0.009874	-0.020949	0.000505	0.012073	0.008715	-0.047479	-0.008878	-0.007825	-0.003123	0.004316	-0.024056	0.008521	-0.039630	-0.018807	-0.017494	0.003365	0.000532	-0.009138	-0.019317	-0.021720	-0.012656	-0.004287	-0.019060	-0.000277	-0.007337	-0.022722	-0.014642	-0.014408	-0.010835	0.000396	-0.010887	0.001681	0.010000	-0.017015	-0.022294	-0.036284	0.003281	-0.021358	-0.023717	-0.003240	-0.018142	-0.008208	-0.033537	-0.042343	0.004349	0.003874	-0.002808	0.008060	-0.018733	0.003870	0.007537	-0.025467	-0.029220	-0.019582	-0.002011	-0.026886	-0.024532	-0.014211	-0.001042	-0.019816	-0.002814	-0.028649	-0.032092	-0.010314	
-0.003147	-0.020733	-0.020058	-0.011946	-0.006450	-0.010066	-0.017041	-0.006508	-0.003388	-0.006943	0.015835	-0.021893	0.035428	-0.006849	0.002764	0.001892	0.001885	-0.032637	0.039632	0.007150	-0.007395	-0.015376	-0.019724	0.002607	-0.012918	0.974461	0.021124	-0.018347	-0.005482	-0.008530	-0.011590	0.009907	0.003575	-0.027436	0.001733	-0.019536	-0.035999	-0.018523	-0.024945	0.000297	-0.009254	-0.018156	-0.019420	-0.011928	-0.021205	-0.013960	0.004820	-0.025931	-0.010361	-0.021831	-0.017581	-0.006291	-0.037544	-0.014580	-0.023893	-0.017454	-0.003721	-0.006647	-0.027831	-0.021250	-0.010770	-0.025102	-0.001979	-0.021243	-0.017511	-0.019313	-0.029166	-0.018953	0.002646	0.017859	-0.025876	0.006808	-0.029455	-0.018611	-0.000797	-0.008557	-0.011123	-0.024061	-0.021407	-0.002412	-0.015485	-0.025175	-0.030466	-0.013414	-0.004166	-0.021023	-0.025023	-0.004291	-0.015101	-0.015963	-0.018354	-0.006621	-0.012576	-0.013331	
-0.004066	-0.030694	-0.013784	-0.016518	0.004915	-0.004392	-0.006737	-0.000865	-0.022733	-0.016344	0.058201	-0.031866	-0.004594	-0.024530	0.000989	0.000770	-0.014464	-0.006728	0.006571	0.010846	0.009521	-0.005901	-0.016695	0.000090	0.004865	0.021124	0.962816	0.012815	-0.008684	-0.013726	-0.028179	-0.006484	-0.026995	-0.019627	0.003994	-0.035377	-0.024059	-0.010344	-0.020124	-0.010382	-0.033765	0.001768	-0.059355	-0.007105	-0.014639	-0.008667	-0.007080	-0.017752	-0.015791	-0.014622	-0.010486	-0.022443	-0.008616	-0.020160	-0.025941	-0.015264	-0.019670	-0.018163	-0.004013	-0.000655	-0.002919	0.001066	-0.004608	-0.035118	-0.011944	-0.023088	0.006283	-0.011341	-0.007093	0.001535	0.005654	-0.014051	-0.012024	-0.056659	-0.012226	-0.022927	-0.014732	-0.011787	-0.010934	0.025032	-0.002908	-0.032972	-0.014321	-0.002688	0.000211	-0.012108	-0.029539	-0.018342	-0.012298	-0.020070	-0.014352	-0.022417	-0.018995	-0.017713	
0.014409	0.004086	0.042958	0.010909	0.120896	0.048245	0.053345	-0.018685	0.005547	-0.020441	-0.005161	-0.024363	-0.013447	-0.013650	0.036185	-0.052544	-0.034514	0.006097	-0.002723	-0.015647	-0.001363	-0.003261	-0.001766	-0.026584	-0.008846	-0.018347	0.012815	0.809572	0.006851	0.034441	0.034552	-0.008964	-0.021858	-0.029323	-0.013120	-0.016241	0.029170	-0.035589	-0.016829	-0.028915	-0.009937	-0.022935	-0.030630	-0.033572	-0.035191	-0.023361	-0.027263	-0.012333	-0.026679	0.006758	-0.034026	-0.005195	-0.012387	-0.022857	0.001738	-0.028919	-0.028406	-0.007960	-0.024722	-0.014885	-0.026304	-0.022553	-0.013046	0.015672	-0.012139	-0.033169	-0.011871	-0.021170	-0.021146	-0.027417	-0.024489	-0.014772	0.000815	-0.027432	-0.005845	-0.006853	-0.000751	-0.037326	-0.036820	-0.004362	-0.026253	-0.032789	-0.009159	-0.045458	-0.028300	-0.005082	-0.051098	-0.018938	-0.017215	0.000429	-0.045623	-0.014936	-0.015404	0.062105	
-0.000687	0.031140	0.004533	0.003587	0.001632	-0.004835	-0.002381	0.002426	-0.006544	-0.011663	-0.006293	-0.005373	-0.016383	-0.006062	-0.007879	-0.001324	-0.002363	-0.021594	-0.012643	-0.001639	-0.001020	-0.014025	-0.013999	-0.015006	-0.005803	-0.005482	-0.008684	0.006851	0.797003	0.055464	0.063463	-0.009047	-0.027110	-0.013683	-0.016939	-0.000574	-0.018858	-0.020591	0.006787	-0.009606	-0.017817	-0.018110	-0.003345	-0.004751	0.003621	-0.014522	0.007070	-0.010730	0.001450	-0.012189	-0.022779	0.009841	-0.015697	-0.023707	-0.003922	-0.015213	-0.012949	-0.021297	-0.011071	-0.011880	-0.012643	-0.001508	-0.018257	-0.010285	-0.012550	-0.018726	-0.025085	-0.013353	-0.016879	0.000822	-0.020493	0.003755	-0.023428	-0.013671	-0.005594	-0.005071	-0.029608	-0.019633	-0.031733	-0.015002	-0.026876	-0.053775	-0.043049	-0.023981	-0.019448	-0.043653	-0.030676	-0.004627	-0.004976	-0.026389	0.004540	-0.015682	-0.021614	-0.003190	
0.002425	0.054885	0.016581	-0.006776	0.035100	0.023785	0.019680	-0.008636	0.025775	-0.021375	-0.020267	-0.012691	-0.021463	-0.011765	-0.007874	-0.019010	-0.004943	-0.034944	-0.002035	-0.008130	-0.017243	-0.027759	-0.003159	-0.022543	-0.014144	-0.008530	-0.013726	0.034441	0.055464	0.866373	0.094635	-0.021791	-0.024874	-0.016993	-0.025141	0.003899	-0.002459	-0.032112	-0.028365	-0.013235	0.007076	-0.033847	-0.003855	-0.015165	-0.022267	-0.022050	-0.010007	-0.024359	-0.012682	0.014058	-0.028066	-0.012903	-0.021587	-0.032498	-0.018206	-0.015054	-0.029229	-0.023965	-0.040234	-0.005955	-0.018484	-0.021270	-0.010889	0.012515	-0.033395	-0.015081	-0.023100	-0.036503	-0.027254	-0.003169	-0.026770	-0.006149	-0.000169	-0.009351	-0.019550	-0.015015	-0.035936	-0.021880	-0.044714	-0.006662	-0.022119	-0.022352	-0.010478	-0.037118	-0.043538	-0.024267	-0.033295	-0.013189	-0.022937	-0.004172	-0.005233	0.012142	0.003202	0.030437	
0.004419	0.026583	0.030924	-0.002466	0.015905	0.025479	0.017732	0.012276	0.011060	-0.012231	-0.015142	-0.008544	-0.028345	-0.005257	-0.035319	-0.008895	-0.002266	-0.008657	-0.016358	-0.007938	-0.015763	-0.034941	-0.011167	-0.020248	-0.009874	-0.011590	-0.028179	0.034552	0.063463	0.094635	0.884156	-0.037321	-0.050847	-0.028754	-0.020811	0.003769	-0.006883	-0.037675	-0.023799	-0.025855	0.013808	-0.032677	-0.005247	-0.026651	-0.024365	-0.011962	-0.020423	-0.033434	-0.016922	-0.006711	-0.011240	0.011632	-0.017474	-0.035628	-0.014222	-0.021081	-0.007875	-0.013985	-0.041094	-0.027445	-0.027706	-0.000778	-0.022845	-0.007508	-0.020444	-0.024220	-0.030201	-0.025539	-0.030475	-0.000798	-0.010197	0.006203	-0.005588	-0.019404	-0.028631	-0.004403	-0.024847	-0.008550	-0.023653	-0.022023	-0.018613	-0.022077	0.003219	-0.031858	-0.029548	0.012979	-0.037353	-0.018627	-0.008350	0.015115	-0.012301	0.002673	-0.007909	0.009957	
0.004323	-0.027351	-0.030825	-0.020978	-0.032849	-0.020816	-0.025255	-0.009256	-0.029561	-0.017906	-0.021818	-0.028030	-0.015924	-0.001915	0.009062	-0.017122	-0.009099	-0.027019	-0.002729	-0.013715	-0.009857	-0.025009	-0.011929	-0.018106	-0.020949	0.009907	-0.006484	-0.008964	-0.009047	-0.021791	-0.037321	0.984855	-0.015137	-0.006195	0.038116	-0.033918	-0.033111	-0.022317	-0.012336	-0.010618	-0.015965	-0.017332	-0.033096	0.006969	-0.008836	0.011581	-0.006210	-0.023320	0.015917	0.005771	-0.006400	0.015622	-0.015150	-0.010155	-0.018768	-0.008712	-0.000251	-0.001625	0.017537	-0.003525	0.008187	-0.023541	-0.024464	-0.016696	-0.003697	-0.018293	-0.014432	0.008664	0.010622	-0.006446	0.007746	-0.007933	-0.030502	-0.036056	-0.012981	0.000014	0.017282	-0.008340	-0.014487	-0.006020	-0.006490	0.006402	-0.029867	0.014178	-0.013544	-0.021777	-0.002036	-0.021190	-0.005323	-0.027960	-0.015414	-0.036371	-0.017667	-0.008893	
-0.018592	-0.026848	-0.028532	-0.015909	-0.014576	-0.032273	-0.009893	-0.002480	-0.020623	-0.030890	-0.040928	-0.013702	0.008007	-0.021893	0.010350	-0.025387	-0.017061	-0.029221	-0.009552	-0.026542	-0.021881	0.014201	0.006513	-0.017942	0.000505	0.003575	-0.026995	-0.021858	-0.027110	-0.024874	-0.050847	-0.015137	1.036294	-0.013485	0.008018	-0.034582	0.009129	-0.017719	-0.009659	-0.004635	-0.007550	0.000592	-0.036606	0.024396	-0.005986	0.001596	-0.004050	-0.017356	-0.007745	0.000613	-0.001287	-0.009182	-0.007886	0.002718	0.003846	-0.019560	0.008785	-0.008454	-0.004697	-0.013983	0.000486	0.001443	-0.015225	-0.011466	-0.001943	-0.038115	0.010298	0.019132	0.011763	-0.006374	-0.015718	-0.047117	-0.024465	-0.007194	-0.011472	-0.005628	0.013524	0.007010	-0.038151	-0.024823	-0.021939	-0.033827	-0.022276	-0.030721	0.002839	-0.004024	-0.014417	-0.028578	-0.026904	0.010836	-0.011812	-0.008348	-0.017165	-0.006423	
-0.001343	0.012362	-0.038130	-0.005391	0.002174	-0.019829	-0.026503	-0.009616	-0.033710	-0.013036	-0.019303	-0.019685	-0.003659	-0.002091	-0.012491	-0.038573	-0.031674	0.022874	-0.023851	-0.018231	-0.009237	0.007413	-0.004800	-0.015166	0.012073	-0.027436	-0.019627	-0.029323	-0.013683	-0.016993	-0.028754	-0.006195	-0.013485	0.937914	-0.019273	-0.020116	0.002716	0.012908	-0.007894	-0.006589	-0.015466	-0.014509	-0.028182	-0.006334	0.002980	0.015170	0.014140	-0.007906	-0.022585	-0.004012	-0.022441	-0.013223	-0.000043	0.005626	0.002820	0.024260	-0.017457	-0.014537	0.017200	-0.018764	0.003852	-0.010754	-0.015322	-0.037687	-0.024772	-0.041087	0.086214	-0.025196	-0.022037	-0.032014	-0.000937	-0.012538	-0.024149	-0.024825	0.002838	0.001871	-0.020612	0.021209	-0.005532	-0.031204	-0.013946	0.008545	-0.019291	-0.011999	-0.006524	-0.047292	0.014442	0.012608	-0.020290	-0.009742	-0.016201	-0.037166	-0.028050	-0.022782	
-0.014205	-0.022342	-0.033212	-0.027402	-0.024212	-0.026614	-0.020614	-0.015767	-0.025492	-0.023151	-0.019603	-0.021556	-0.024347	-0.025871	-0.005754	-0.019403	-0.010444	-0.007417	-0.018236	-0.026364	-0.036370	-0.011395	-0.017141	-0.032070	0.008715	0.001733	0.003994	-0.013120	-0.016939	-0.025141	-0.020811	0.038116	0.008018	-0.019273	0.966908	-0.027005	-0.020251	-0.013829	-0.002576	0.006152	0.010434	0.012541	-0.028992	0.004611	-0.014970	0.000424	-0.009084	-0.004062	0.040660	-0.021675	-0.006229	-0.007378	-0.010527	-0.008573	-0.015495	0.003394	0.013027	-0.020972	0.037810	0.016145	-0.008305	-0.028661	-0.004543	-0.009310	-0.012610	-0.027980	-0.015724	0.000209	0.036009	0.017431	0.015412	-0.006261	-0.042121	-0.038083	0.007285	-0.011310	-0.007720	-0.018575	-0.009805	-0.039156	-0.000269	-0.029255	-0.015606	-0.020656	0.009372	-0.037104	-0.013759	-0.019660	-0.018548	-0.007162	-0.012606	-0.021088	-0.020679	-0.007610	
-0.051492	-0.004500	-0.029823	-0.005723	-0.019516	-0.030313	0.009241	-0.013660	-0.009632	-0.028463	-0.024479	-0.023604	-0.037196	-0.025883	-0.044143	-0.022381	-0.025257	-0.011104	-0.032086	-0.020691	-0.033434	-0.038016	-0.036214	-0.037973	-0.047479	-0.019536	-0.035377	-0.016241	-0.000574	0.003899	0.003769	-0.033918	-0.034582	-0.020116	-0.027005	1.390949	-0.031158	-0.040377	-0.026228	-0.046100	-0.033632	-0.046060	0.475154	-0.054183	-0.029519	-0.033135	-0.042868	-0.051183	-0.032913	-0.036457	-0.053530	-0.041424	-0.028411	-0.039686	-0.034127	-0.035969	-0.039358	-0.016797	-0.044359	-0.049734	-0.029953	-0.033861	-0.045918	-0.022326	-0.057693	0.435554	-0.034920	-0.036593	-0.044773	-0.051837	-0.037924	-0.037384	-0.016327	0.460723	-0.044521	-0.031237	-0.064297	-0.043793	-0.038048	-0.032075	-0.060045	-0.012617	-0.027307	-0.037158	-0.045535	-0.043024	-0.038106	-0.038769	-0.046198	-0.029992	-0.046602	-0.031962	-0.028298	-0.036002	
-0.006275	0.004516	-0.007025	-0.027424	0.030499	-0.001855	0.004543	-0.015380	0.013525	-0.010405	-0.030854	0.016894	-0.016524	0.012877	-0.002256	-0.012342	-0.016536	-0.018015	-0.020834	-0.009110	-0.015608	-0.015453	-0.000120	-0.039135	-0.008878	-0.035999	-0.024059	0.029170	-0.018858	-0.002459	-0.006883	-0.033111	0.009129	0.002716	-0.020251	-0.031158	0.956446	-0.042454	-0.018754	-0.034634	-0.003857	-0.007858	-0.021025	-0.023699	-0.029572	0.016885	-0.029790	-0.003762	-0.029299	0.013556	-0.010561	-0.014616	0.012148	0.014687	-0.008170	-0.038761	-0.013363	-0.019503	-0.019317	-0.027912	-0.021203	-0.020142	-0.026860	0.004527	-0.016952	-0.012253	-0.002022	-0.022457	-0.024475	-0.022186	-0.031714	-0.029300	0.013268	-0.039896	0.000477	-0.021775	-0.000092	0.019735	-0.022776	-0.011494	-0.012631	-0.025560	0.031795	-0.010273	-0.028712	-0.005683	-0.020061	-0.026501	-0.025520	0.022572	-0.010425	-0.002722	0.003286	0.009809	
-0.007071	0.019870	-0.031701	0.021573	-0.024239	-0.017768	-0.014990	-0.035709	-0.026568	-0.000863	-0.005206	-0.026214	-0.008916	-0.034563	-0.018525	-0.021091	-0.046168	0.004076	-0.016834	-0.024380	-0.017315	0.024169	-0.039877	-0.001136	-0.007825	-0.018523	-0.010344	-0.035589	-0.020591	-0.032112	-0.037675	-0.022317	-0.017719	0.012908	-0.013829	-0.040377	-0.042454	0.952227	-0.005877	0.070883	-0.003570	-0.017075	-0.032880	0.026244	-0.007791	-0.021345	-0.011215	-0.032008	0.011019	-0.024440	-0.021147	-0.027998	-0.006388	0.007630	-0.028392	0.012164	-0.020502	-0.012170	0.005920	0.024254	-0.016862	-0.001203	0.051689	-0.012438	-0.005882	-0.045094	-0.006592	-0.012760	0.001555	-0.027923	0.034196	0.028117	-0.017590	-0.043257	-0.020189	-0.016120	-0.007591	-0.017210	0.018327	-0.019647	-0.012004	0.025123	-0.025514	-0.006892	-0.002884	-0.006154	0.026382	-0.001205	-0.006682	-0.022697	-0.012133	-0.005686	-0.017788	-0.018852	
-0.007160	-0.037824	-0.013995	-0.004765	-0.003689	0.002758	-0.006301	0.004574	-0.010160	0.018491	-0.026126	-0.021861	-0.045551	-0.015952	-0.000219	-0.021186	-0.002541	-0.023923	-0.009533	-0.004456	0.002433	-0.012967	-0.016311	-0.007304	-0.003123	-0.024945	-0.020124	-0.016829	0.006787	-0.028365	-0.023799	-0.012336	-0.009659	-0.007894	-0.002576	-0.026228	-0.018754	-0.005877	0.983002	-0.002106	-0.038461	-0.019765	-0.031918	0.000472	-0.010789	-0.011717	-0.011750	-0.003419	0.006812	-0.009062	-0.017495	-0.020350	-0.012791	-0.028966	-0.004580	0.001962	-0.015527	-0.014943	-0.011177	-0.007391	0.002775	-0.011091	-0.007146	-0.009355	-0.018159	-0.043593	-0.002656	0.016789	-0.027041	-0.006984	-0.000876	0.004726	-0.026296	-0.029352	-0.007626	0.022152	-0.017464	-0.006010	-0.025358	-0.003029	-0.013504	-0.012607	-0.016858	-0.013250	-0.005719	-0.019127	0.006304	-0.000924	-0.020072	-0.020808	0.003108	-0.020921	-0.002638	-0.022017	
-0.020051	-0.028708	-0.022331	-0.021759	-0.021111	-0.029823	-0.037378	-0.012444	-0.035480	-0.016174	-0.002812	-0.002756	-0.036325	-0.009682	-0.022022	-0.023090	-0.022322	-0.009522	-0.016635	-0.015107	-0.016788	-0.004075	-0.017673	-0.007760	0.004316	0.000297	-0.010382	-0.028915	-0.009606	-0.013235	-0.025855	-0.010618	-0.004635	-0.006589	0.006152	-0.046100	-0.034634	0.070883	-0.002106	0.957723	-0.008376	0.002407	-0.033879	0.005494	0.001220	-0.024368	-0.022588	-0.014133	0.013408	-0.029859	0.014054	-0.027228	0.010246	-0.013599	-0.024783	-0.003875	-0.003969	0.001353	0.000929	0.036605	-0.014160	-0.023505	0.084566	-0.006549	-0.006639	-0.046783	0.002964	0.002865	0.012475	-0.017539	0.021680	0.020631	-0.018374	-0.030536	-0.004014	0.003454	-0.026470	-0.020824	-0.007192	-0.017106	0.010208	-0.046042	-0.019192	-0.008230	-0.006264	-0.027352	-0.027448	-0.002506	-0.011736	-0.033458	-0.028031	-0.030378	-0.006174	-0.020643	
-0.018765	0.003624	-0.014062	-0.035374	0.001861	-0.017272	-0.015982	-0.010377	-0.013497	-0.026587	-0.028730	-0.020695	-0.033415	-0.016525	-0.030764	-0.011374	0.003100	-0.026392	-0.018432	-0.019744	-0.021623	-0.026640	-0.019882	-0.032813	-0.024056	-0.009254	-0.033765	-0.009937	-0.017817	0.007076	0.013808	-0.015965	-0.007550	-0.015466	0.010434	-0.033632	-0.003857	-0.003570	-0.038461	-0.008376	0.979234	-0.013947	-0.041482	0.005508	-0.009472	-0.014416	-0.003182	0.007266	0.005316	0.013270	-0.022390	-0.013677	-0.004067	-0.018358	-0.022891	-0.004273	-0.018900	-0.019785	-0.011827	0.013037	-0.023635	-0.029291	-0.018702	0.016287	0.006389	-0.028953	-0.008439	-0.015510	0.016288	0.017982	0.007440	-0.010426	0.014516	-0.037357	-0.018710	-0.016728	-0.025739	-0.018343	-0.016179	-0.012789	-0.014865	-0.011519	0.010495	-0.014617	-0.002058	0.013029	-0.010595	-0.014278	-0.033573	0.010610	-0.018946	0.053387	0.022886	-0.005351	
-0.020525	-0.018477	-0.047654	-0.006196	-0.018587	-0.016212	-0.040383	-0.021641	-0.021139	-0.016619	-0.012746	-0.017202	0.014029	-0.018967	0.000261	-0.002463	-0.015791	0.006550	-0.012583	-0.031420	-0.018603	-0.008398	-0.015886	-0.025625	0.008521	-0.018156	0.001768	-0.022935	-0.018110	-0.033847	-0.032677	-0.017332	0.000592	-0.014509	0.012541	-0.046060	-0.007858	-0.017075	-0.019765	0.002407	-0.013947	1.002374	-0.035664	0.009927	-0.016868	-0.003101	-0.005865	-0.011471	-0.000840	0.017020	-0.002642	0.000277	-0.009867	0.000943	0.023962	0.005182	-0.021557	0.026955	-0.015155	-0.012988	-0.012335	0.013530	-0.028274	-0.011502	-0.023110	-0.025447	-0.005763	0.008681	-0.026630	-0.018137	-0.007056	-0.013337	0.037036	-0.026287	0.020320	-0.004851	-0.005855	0.010049	0.004349	-0.029315	-0.020092	-0.021324	-0.017762	-0.029435	-0.006758	-0.029899	-0.015375	0.009996	-0.008811	-0.014612	-0.020465	-0.016417	-0.018454	-0.029422	
-0.038039	-0.027696	-0.020707	-0.047084	-0.020025	-0.023447	0.011905	-0.041299	-0.000378	-0.024183	-0.033287	-0.021822	-0.049406	-0.030540	-0.039623	-0.026577	-0.022329	-0.023689	-0.033699	-0.012728	-0.021267	-0.044638	-0.027685	-0.036966	-0.039630	-0.019420	-0.059355	-0.030630	-0.003345	-0.003855	-0.005247	-0.033096	-0.036606	-0.028182	-0.028992	0.475154	-0.021025	-0.032880	-0.031918	-0.033879	-0.041482	-0.035664	1.378433	-0.054905	-0.032939	-0.022169	-0.029213	-0.039764	-0.019037	-0.015483	-0.048526	-0.026117	-0.041372	-0.045815	-0.026284	-0.048648	-0.025838	-0.017354	-0.057732	-0.061868	-0.023877	-0.032197	-0.047003	-0.025480	-0.049805	0.432695	-0.030616	-0.033501	-0.047963	-0.052607	-0.052150	-0.039657	-0.008869	0.481185	-0.048180	-0.039389	-0.041200	-0.049146	-0.045290	-0.043458	-0.045218	-0.006245	-0.011832	-0.027361	-0.067811	-0.046229	-0.034166	-0.055937	-0.045774	-0.006585	-0.052649	-0.037267	-0.018075	-0.023378	
