0.840034	-0.050345	-0.027211	0.009276	-0.066189	0.030036	0.030903	-0.037671	-0.049358	-0.051100	-0.053175	-0.086893	-0.113256	-0.085539	-0.088097	-0.067776	-0.084198	-0.067193	-0.058845	
-0.050345	0.928128	-0.061449	-0.070891	-0.057032	-0.048815	-0.062820	-0.004782	-0.043349	0.043952	-0.038679	-0.075541	-0.074055	-0.080410	-0.082769	-0.066659	-0.082711	-0.065312	-0.077519	
-0.027211	-0.061449	0.928173	-0.055815	-0.052544	-0.054413	-0.014091	-0.058561	-0.059348	-0.082162	-0.050545	-0.050069	-0.070442	-0.066787	-0.048027	-0.059831	-0.071417	-0.046769	-0.057065	
0.009276	-0.070891	-0.055815	0.978989	-0.056020	0.010595	0.023710	-0.066835	-0.039448	-0.068971	-0.028910	-0.095108	-0.094861	-0.096987	-0.097029	-0.086783	-0.085951	-0.081687	-0.075329	
-0.066189	-0.057032	-0.052544	-0.056020	0.979891	-0.051432	-0.045344	0.019449	-0.025532	-0.049469	-0.017114	-0.076795	-0.082653	-0.078761	-0.086176	-0.071972	-0.092153	-0.088061	-0.076000	
0.030036	-0.048815	-0.054413	0.010595	-0.051432	0.889282	0.000307	-0.072450	-0.029382	-0.046063	-0.044414	-0.076506	-0.089281	-0.097613	-0.097379	-0.070429	-0.084756	-0.069290	-0.073695	
0.030903	-0.062820	-0.014091	0.023710	-0.045344	0.000307	0.875993	-0.051711	-0.040912	-0.059435	-0.034675	-0.089997	-0.112265	-0.082647	-0.096195	-0.083928	-0.091660	-0.079914	-0.065014	
-0.037671	-0.004782	-0.058561	-0.066835	0.019449	-0.072450	-0.051711	0.906356	-0.020483	-0.037463	-0.030300	-0.080243	-0.087943	-0.080395	-0.094002	-0.058262	-0.073651	-0.062481	-0.080510	
-0.049358	-0.043349	-0.059348	-0.039448	-0.025532	-0.029382	-0.040912	-0.020483	0.923744	-0.029481	0.054143	-0.084761	-0.083501	-0.095065	-0.100861	-0.079171	-0.096565	-0.099559	-0.076107	
-0.051100	0.043952	-0.082162	-0.068971	-0.049469	-0.046063	-0.059435	-0.037463	-0.029481	0.988043	-0.039414	-0.081065	-0.091454	-0.090225	-0.090982	-0.064821	-0.070759	-0.072154	-0.082010	
-0.053175	-0.038679	-0.050545	-0.028910	-0.017114	-0.044414	-0.034675	-0.030300	0.054143	-0.039414	0.992828	-0.090892	-0.106217	-0.099616	-0.104752	-0.094337	-0.101073	-0.102011	-0.095713	
-0.086893	-0.075541	-0.050069	-0.095108	-0.076795	-0.076506	-0.089997	-0.080243	-0.084761	-0.081065	-0.090892	1.067985	-0.035219	-0.032790	-0.037019	-0.021768	-0.035609	-0.026343	-0.031117	
-0.113256	-0.074055	-0.070442	-0.094861	-0.082653	-0.089281	-0.112265	-0.087943	-0.083501	-0.091454	-0.106217	-0.035219	1.247637	-0.031050	-0.021354	-0.053008	-0.018139	-0.052481	-0.065809	
-0.085539	-0.080410	-0.066787	-0.096987	-0.078761	-0.097613	-0.082647	-0.080395	-0.095065	-0.090225	-0.099616	-0.032790	-0.031050	1.052701	0.100408	-0.031885	-0.020968	-0.049087	-0.054158	
-0.088097	-0.082769	-0.048027	-0.097029	-0.086176	-0.097379	-0.096195	-0.094002	-0.100861	-0.090982	-0.104752	-0.037019	-0.021354	0.100408	1.099720	-0.053393	-0.043635	-0.034258	-0.055846	
-0.067776	-0.066659	-0.059831	-0.086783	-0.071972	-0.070429	-0.083928	-0.058262	-0.079171	-0.064821	-0.094337	-0.021768	-0.053008	-0.031885	-0.053393	1.052914	-0.033122	-0.052988	-0.053873	
-0.084198	-0.082711	-0.071417	-0.085951	-0.092153	-0.084756	-0.091660	-0.073651	-0.096565	-0.070759	-0.101073	-0.035609	-0.018139	-0.020968	-0.043635	-0.033122	1.133994	-0.035060	-0.043726	
-0.067193	-0.065312	-0.046769	-0.081687	-0.088061	-0.069290	-0.079914	-0.062481	-0.099559	-0.072154	-0.102011	-0.026343	-0.052481	-0.049087	-0.034258	-0.052988	-0.035060	1.097414	-0.056681	
-0.058845	-0.077519	-0.057065	-0.075329	-0.076000	-0.073695	-0.065014	-0.080510	-0.076107	-0.082010	-0.095713	-0.031117	-0.065809	-0.054158	-0.055846	-0.053873	-0.043726	-0.056681	1.133216	
