0.643567	-0.016723	-0.015857	-0.010459	-0.017262	-0.016098	-0.014296	-0.005266	-0.009934	-0.018325	-0.021785	-0.012939	-0.011019	-0.009527	-0.010896	-0.001023	-0.021015	-0.001640	-0.008832	-0.006378	-0.013289	-0.013149	-0.021802	-0.014431	-0.011260	-0.018578	
-0.016723	0.590949	-0.015079	-0.000012	-0.011251	-0.019641	-0.015564	-0.011198	-0.007677	-0.012086	-0.020892	-0.023990	-0.017975	-0.005109	-0.016260	-0.003088	-0.014890	-0.022813	0.046087	-0.026299	-0.017970	-0.016920	-0.002484	-0.018088	-0.011163	-0.014387	
-0.015857	-0.015079	0.537772	-0.006312	-0.014024	-0.016614	-0.012992	-0.014882	-0.012043	-0.017703	-0.010586	-0.008792	-0.014834	-0.007882	-0.009934	-0.021557	-0.006631	0.011720	-0.018788	-0.006780	-0.008119	-0.018215	-0.006054	-0.008692	0.001532	-0.009768	
-0.010459	-0.000012	-0.006312	0.563004	-0.012379	-0.010192	-0.017148	-0.022109	-0.006872	-0.021177	-0.007235	-0.020455	-0.020468	-0.014541	-0.017957	-0.006832	-0.005783	-0.009838	-0.011001	-0.008320	-0.005223	-0.019073	-0.002930	-0.011255	0.006020	-0.019952	
-0.017262	-0.011251	-0.014024	-0.012379	0.541026	-0.007099	-0.006207	-0.010599	0.005889	-0.004094	-0.008350	0.001291	-0.005774	-0.010993	-0.007812	-0.012043	-0.021571	-0.023806	-0.003473	-0.014554	-0.011001	-0.018823	-0.012121	-0.015100	-0.022507	-0.006850	
-0.016098	-0.019641	-0.016614	-0.010192	-0.007099	0.518156	-0.006408	-0.002270	-0.005686	-0.012826	-0.005026	-0.001526	0.004489	-0.001412	-0.006308	-0.001780	-0.011194	-0.012178	-0.019598	-0.010774	-0.015639	-0.016636	-0.019033	-0.006999	-0.022594	-0.016037	
-0.014296	-0.015564	-0.012992	-0.017148	-0.006207	-0.006408	0.506485	-0.005244	-0.005590	-0.018644	-0.003792	0.000276	-0.007699	-0.006662	-0.013604	-0.011806	-0.017467	0.001453	-0.014269	-0.010337	-0.017362	-0.003460	-0.012340	-0.012476	-0.016925	-0.004680	
-0.005266	-0.011198	-0.014882	-0.022109	-0.010599	-0.002270	-0.005244	0.523720	-0.004978	0.030877	-0.013757	0.000434	-0.006517	-0.014011	-0.006736	-0.019497	-0.013215	-0.029554	-0.007742	-0.017913	-0.015612	-0.012401	-0.019576	-0.006745	-0.026208	-0.007139	
-0.009934	-0.007677	-0.012043	-0.006872	0.005889	-0.005686	-0.005590	-0.004978	0.548271	-0.007117	-0.007734	-0.007305	-0.008114	-0.017200	-0.007537	-0.001075	-0.029825	-0.011929	-0.018552	-0.015757	-0.015503	-0.009903	-0.016737	-0.008797	-0.025075	-0.019086	
-0.018325	-0.012086	-0.017703	-0.021177	-0.004094	-0.012826	-0.018644	0.030877	-0.007117	0.542006	-0.008049	0.002617	-0.008884	-0.013534	-0.011036	-0.009125	-0.021837	-0.023390	-0.007038	-0.019484	-0.019799	-0.011925	-0.017620	-0.008884	-0.005144	-0.006776	
-0.021785	-0.020892	-0.010586	-0.007235	-0.008350	-0.005026	-0.003792	-0.013757	-0.007734	-0.008049	0.558192	-0.009829	-0.015870	-0.010284	-0.008355	-0.012358	-0.004028	-0.013657	-0.014024	-0.018963	-0.001080	-0.016750	-0.006863	-0.010980	-0.014291	-0.014558	
-0.012939	-0.023990	-0.008792	-0.020455	0.001291	-0.001526	0.000276	0.000434	-0.007305	0.002617	-0.009829	0.533292	-0.003158	-0.005533	-0.009746	-0.012270	-0.024641	-0.011750	-0.021785	-0.015577	-0.011343	-0.008928	-0.012121	-0.012257	-0.024895	-0.012423	
-0.011019	-0.017975	-0.014834	-0.020468	-0.005774	0.004489	-0.007699	-0.006517	-0.008114	-0.008884	-0.015870	-0.003158	0.533012	-0.011802	-0.006233	0.000683	-0.027157	-0.014606	-0.013836	-0.007629	-0.014199	-0.007690	-0.010770	-0.014659	-0.012283	-0.010503	
-0.009527	-0.005109	-0.007882	-0.014541	-0.010993	-0.001412	-0.006662	-0.014011	-0.017200	-0.013534	-0.010284	-0.005533	-0.011802	0.585612	-0.012476	0.001037	-0.020888	-0.018233	0.002669	-0.012506	-0.021011	-0.017458	-0.023950	-0.013394	-0.007948	-0.020158	
-0.010896	-0.016260	-0.009934	-0.017957	-0.007812	-0.006308	-0.013604	-0.006736	-0.007537	-0.011036	-0.008355	-0.009746	-0.006233	-0.012476	0.547151	-0.013526	-0.014750	-0.018465	-0.024519	-0.007051	-0.003726	-0.007112	-0.009282	-0.016129	-0.009317	-0.004807	
-0.001023	-0.003088	-0.021557	-0.006832	-0.012043	-0.001780	-0.011806	-0.019497	-0.001075	-0.009125	-0.012358	-0.012270	0.000683	0.001037	-0.013526	0.548428	-0.021938	-0.024401	-0.014646	-0.010826	-0.010118	-0.019532	-0.010555	-0.013989	-0.000126	-0.023823	
-0.021015	-0.014890	-0.006631	-0.005783	-0.021571	-0.011194	-0.017467	-0.013215	-0.029825	-0.021837	-0.004028	-0.024641	-0.027157	-0.020888	-0.014750	-0.021938	0.695712	-0.004584	-0.017349	-0.012165	-0.015096	-0.011316	-0.004046	0.009809	-0.012611	-0.003665	
-0.001640	-0.022813	0.011720	-0.009838	-0.023806	-0.012178	0.001453	-0.029554	-0.011929	-0.023390	-0.013657	-0.011750	-0.014606	-0.018233	-0.018465	-0.024401	-0.004584	0.613750	-0.009007	-0.008259	-0.006185	-0.014576	-0.006054	-0.011649	-0.011093	-0.012384	
-0.008832	0.046087	-0.018788	-0.011001	-0.003473	-0.019598	-0.014269	-0.007742	-0.018552	-0.007038	-0.014024	-0.021785	-0.013836	0.002669	-0.024519	-0.014646	-0.017349	-0.009007	0.587940	-0.012834	-0.022476	-0.018241	-0.018819	-0.016907	-0.014191	-0.014799	
-0.006378	-0.026299	-0.006780	-0.008320	-0.014554	-0.010774	-0.010337	-0.017913	-0.015757	-0.019484	-0.018963	-0.015577	-0.007629	-0.012506	-0.007051	-0.010826	-0.012165	-0.008259	-0.012834	0.558175	-0.003985	-0.007029	-0.005901	-0.016614	0.000434	-0.003587	
-0.013289	-0.017970	-0.008119	-0.005223	-0.011001	-0.015639	-0.017362	-0.015612	-0.015503	-0.019799	-0.001080	-0.011343	-0.014199	-0.021011	-0.003726	-0.010118	-0.015096	-0.006185	-0.022476	-0.003985	0.562602	-0.007686	-0.001666	-0.009422	-0.008412	-0.005380	
-0.013149	-0.016920	-0.018215	-0.019073	-0.018823	-0.016636	-0.003460	-0.012401	-0.009903	-0.011925	-0.016750	-0.008928	-0.007690	-0.017458	-0.007112	-0.019532	-0.011316	-0.014576	-0.018241	-0.007029	-0.007686	0.551560	0.010075	-0.003368	-0.008613	0.002949	
-0.021802	-0.002484	-0.006054	-0.002930	-0.012121	-0.019033	-0.012340	-0.019576	-0.016737	-0.017620	-0.006863	-0.012121	-0.010770	-0.023950	-0.009282	-0.010555	-0.004046	-0.006054	-0.018819	-0.005901	-0.001666	0.010075	0.526958	-0.005651	-0.025341	-0.001837	
-0.014431	-0.018088	-0.008692	-0.011255	-0.015100	-0.006999	-0.012476	-0.006745	-0.008797	-0.008884	-0.010980	-0.012257	-0.014659	-0.013394	-0.016129	-0.013989	0.009809	-0.011649	-0.016907	-0.016614	-0.009422	-0.003368	-0.005651	0.538244	-0.010691	-0.011754	
-0.011260	-0.011163	0.001532	0.006020	-0.022507	-0.022594	-0.016925	-0.026208	-0.025075	-0.005144	-0.014291	-0.024895	-0.012283	-0.007948	-0.009317	-0.000126	-0.012611	-0.011093	-0.014191	0.000434	-0.008412	-0.008613	-0.025341	-0.010691	0.588465	-0.001530	
-0.018578	-0.014387	-0.009768	-0.019952	-0.006850	-0.016037	-0.004680	-0.007139	-0.019086	-0.006776	-0.014558	-0.012423	-0.010503	-0.020158	-0.004807	-0.023823	-0.003665	-0.012384	-0.014799	-0.003587	-0.005380	0.002949	-0.001837	-0.011754	-0.001530	0.523021	
