0.951053	-0.270353	-0.184496	-0.087438	-0.225772	-0.234295	
-0.270353	1.104914	-0.237105	-0.266929	-0.255341	-0.194092	
-0.184496	-0.237105	0.953722	-0.188861	-0.169051	-0.244901	
-0.087438	-0.266929	-0.188861	0.913426	-0.186101	-0.232578	
-0.225772	-0.255341	-0.169051	-0.186101	1.011683	-0.237593	
-0.234295	-0.194092	-0.244901	-0.232578	-0.237593	1.052063	
