1.004889	0.087386	0.011790	0.005881	-0.027863	-0.035994	-0.023889	0.024441	-0.017461	-0.037725	-0.030254	-0.025494	-0.022469	0.016697	0.003192	-0.029339	-0.021539	-0.004016	-0.027240	-0.029071	-0.040849	0.003355	-0.018048	-0.030385	0.020756	0.001177	-0.022670	-0.027067	-0.010066	-0.035152	0.000955	-0.026581	0.001419	0.041697	0.016280	0.018509	0.030954	0.038105	-0.029766	0.005512	-0.028154	-0.037150	-0.031911	-0.032856	-0.028967	-0.039012	-0.036680	0.010212	-0.022530	-0.030233	-0.036325	-0.011381	-0.034298	-0.009228	-0.042324	-0.026665	-0.032980	-0.030290	-0.023832	-0.021718	0.011081	-0.041066	-0.035773	-0.024684	-0.023253	-0.018062	-0.039037	-0.028464	-0.043395	-0.022287	0.002782	-0.020237	0.021222	-0.026594	-0.029531	-0.020483	-0.010407	-0.029456	-0.007377	0.011743	-0.022461	-0.014671	0.076906	0.129571	-0.022666	-0.033348	-0.036458	
0.087386	1.014663	-0.013970	0.010809	-0.032260	-0.025994	-0.025294	-0.011386	-0.024752	-0.033052	-0.018755	-0.021922	-0.017156	0.007853	0.012321	-0.029208	-0.025866	0.011892	-0.031057	-0.023611	-0.037946	-0.021407	-0.018192	-0.018969	0.017393	0.021014	-0.026179	-0.021802	-0.030881	-0.025940	-0.006649	-0.022737	0.004402	0.013393	-0.002062	0.019910	0.008812	0.011176	-0.021503	0.008406	-0.024726	-0.028761	-0.025688	-0.028803	-0.036683	-0.035266	-0.027543	-0.001612	-0.024070	-0.028996	-0.025188	-0.024108	-0.033086	-0.018124	-0.036692	-0.028882	-0.037316	-0.029553	-0.024511	-0.026517	-0.003483	-0.035246	-0.028332	-0.021255	-0.021118	-0.029359	-0.027997	-0.035416	-0.039209	-0.008799	-0.004009	-0.018916	0.004226	-0.017086	-0.029921	-0.038845	-0.021963	-0.029233	-0.007509	0.006745	-0.032908	-0.015243	0.146181	0.147222	-0.019819	-0.032598	-0.010113	
0.011790	-0.013970	1.086479	0.074902	-0.038679	-0.032450	-0.030155	0.181797	-0.017513	-0.037186	0.011954	-0.032913	-0.045012	0.012995	-0.008001	-0.049487	-0.038120	0.013541	-0.027067	-0.042712	-0.028618	-0.002676	-0.021298	-0.050601	-0.012612	0.003331	-0.020339	-0.037683	-0.028561	-0.027655	0.033493	-0.014107	-0.011868	0.024352	-0.028276	-0.015953	0.006201	0.022401	-0.043536	0.007356	-0.041238	-0.045027	-0.029280	-0.023946	-0.039555	-0.033419	-0.023303	0.109114	-0.042025	-0.023338	-0.036717	0.021020	-0.015159	-0.009766	-0.050268	-0.034208	-0.038552	-0.057032	-0.029825	-0.045109	0.097216	-0.039820	-0.020901	-0.031069	-0.054722	-0.039878	-0.031526	-0.043637	-0.037764	-0.028712	0.109001	-0.043591	0.041959	-0.025480	-0.014067	-0.026643	-0.036110	-0.048846	0.098483	0.137121	-0.046262	-0.032103	-0.012961	-0.011875	-0.039364	-0.044903	-0.045711	
0.005881	0.010809	0.074902	1.044969	-0.030904	-0.028964	-0.031744	0.034757	-0.033441	-0.023250	-0.008043	-0.033048	-0.036747	0.014962	0.005569	-0.033423	-0.024139	0.015990	-0.019724	-0.036327	-0.029625	-0.022073	-0.031166	-0.013251	0.012361	0.017572	-0.024410	-0.028041	-0.028293	-0.023960	-0.015517	-0.015709	-0.006551	-0.002461	0.006070	0.002459	0.010495	0.005258	-0.030164	0.007954	-0.020047	-0.029155	-0.017301	-0.027353	-0.032334	-0.030874	-0.033605	0.032076	-0.015275	-0.034774	-0.023094	-0.029985	-0.021078	-0.050705	-0.022230	-0.026924	-0.021571	-0.029839	-0.043350	-0.037596	0.073437	-0.026814	-0.021352	-0.015468	-0.030057	-0.014644	-0.035969	-0.025974	-0.023558	-0.024871	0.049518	-0.035973	0.015807	-0.025841	-0.021411	-0.025557	-0.018249	-0.029841	0.060375	0.046687	-0.036408	-0.021309	0.029934	0.016400	-0.024000	-0.022213	-0.036369	
-0.027863	-0.032260	-0.038679	-0.030904	0.934292	-0.019348	-0.018968	-0.039580	-0.014303	0.017469	0.005398	-0.038448	-0.040002	-0.022294	-0.035837	-0.033549	-0.006559	-0.025241	-0.040885	-0.006590	-0.029083	-0.036162	-0.032879	-0.006902	-0.031426	-0.035484	-0.012900	-0.023308	0.032233	-0.013024	0.002893	0.003813	-0.012512	-0.035903	-0.025041	-0.024128	-0.040183	-0.024735	0.017997	-0.030757	-0.014863	0.010324	0.013393	0.016304	-0.004723	0.004296	0.024462	-0.027884	-0.015036	-0.016731	-0.017798	-0.046124	-0.032057	-0.045516	-0.032193	0.034449	0.035942	0.035011	-0.027947	-0.026721	-0.034852	0.007913	0.009776	0.013276	0.015844	0.023115	0.030199	0.004453	0.014768	-0.027920	-0.040570	-0.028079	-0.022892	-0.032144	-0.035677	0.011950	-0.015156	0.012367	-0.020431	-0.035695	0.018393	-0.029081	-0.022839	-0.039631	0.006421	-0.003135	-0.026083	
-0.035994	-0.025994	-0.032450	-0.028964	-0.019348	1.013470	0.054108	-0.043477	0.111522	-0.012525	-0.029300	-0.032421	-0.040341	-0.017226	-0.015375	-0.028519	-0.038860	-0.024276	-0.040618	-0.031576	-0.036188	-0.046927	-0.027554	-0.017760	-0.023061	-0.038410	0.042293	0.074355	-0.015181	0.060054	-0.033048	0.039884	-0.009697	-0.024174	-0.013572	-0.031951	-0.030983	-0.038720	-0.030672	-0.023808	-0.007852	-0.028851	-0.018585	-0.021645	-0.025438	-0.038933	-0.034645	-0.035697	0.059371	0.039067	0.043810	-0.044942	-0.031595	-0.046777	-0.022295	-0.021247	-0.019335	-0.020763	0.073125	0.150052	-0.039037	-0.013026	-0.023415	-0.025174	-0.032531	-0.026638	-0.020209	-0.014484	-0.030253	-0.019824	-0.027620	-0.019445	-0.026046	-0.030078	-0.022789	-0.036856	-0.039999	-0.023708	-0.025346	-0.026113	-0.031971	-0.021166	-0.022835	-0.020960	-0.024004	-0.019215	-0.026779	
-0.023889	-0.025294	-0.030155	-0.031744	-0.018968	0.054108	0.970588	-0.019080	0.065300	-0.027752	-0.040790	-0.032285	-0.033618	-0.035295	-0.029421	-0.020462	-0.025423	-0.037993	-0.035738	-0.027359	-0.031520	-0.034037	-0.021752	-0.012678	-0.040457	-0.025765	0.042626	0.067673	-0.018279	0.068652	-0.038423	0.042630	-0.020519	-0.030823	-0.020794	-0.012478	-0.032432	-0.034562	-0.026939	-0.036324	-0.010596	-0.035953	-0.020457	-0.026815	-0.018248	-0.022676	-0.015613	-0.024338	0.048861	0.068225	0.055483	-0.047324	-0.030811	-0.041431	-0.036442	-0.010211	-0.023720	-0.017078	0.192040	0.077264	-0.035429	-0.023039	-0.016716	-0.019600	-0.037564	-0.015081	-0.024339	-0.021107	-0.027166	-0.022735	-0.035943	-0.039757	-0.028556	-0.025010	-0.023017	-0.021713	-0.016241	-0.029451	-0.032925	-0.029942	-0.025364	-0.032504	-0.038651	-0.027849	-0.035670	-0.016361	-0.033162	
0.024441	-0.011386	0.181797	0.034757	-0.039580	-0.043477	-0.019080	1.071908	-0.007853	-0.028088	-0.004107	-0.017445	-0.030727	0.012660	-0.019996	-0.038508	-0.029591	-0.011779	-0.019438	-0.040817	-0.021677	0.006585	-0.035658	-0.049448	-0.008289	-0.001937	-0.027390	-0.024952	-0.027493	-0.047856	0.045775	-0.035939	-0.018611	0.021191	-0.013824	-0.012754	0.001114	0.019290	-0.039000	-0.014098	-0.028216	-0.026227	-0.045159	-0.025331	-0.039883	-0.024681	-0.027703	0.085460	-0.032488	-0.014317	-0.043407	-0.001922	-0.039935	-0.005175	-0.048087	-0.032850	-0.032373	-0.046376	-0.002130	-0.031204	0.124327	-0.044018	-0.034818	-0.026841	-0.038393	-0.034377	-0.020574	-0.039066	-0.039175	-0.054319	0.076547	-0.027498	0.023718	-0.043024	-0.044078	-0.033086	-0.020893	-0.043809	0.116035	0.120353	-0.031199	-0.033326	-0.004039	-0.011475	-0.028917	-0.040476	-0.048725	
-0.017461	-0.024752	-0.017513	-0.033441	-0.014303	0.111522	0.065300	-0.007853	1.007427	-0.022795	-0.020135	-0.030165	-0.051006	-0.026031	-0.034659	-0.025885	-0.026907	-0.031520	-0.027656	-0.029800	-0.018643	-0.020722	-0.026211	-0.009062	-0.036228	-0.031602	0.039780	0.068517	-0.033011	0.059343	-0.024781	0.058846	-0.025739	-0.022272	-0.023274	-0.038664	-0.028736	-0.028480	-0.022727	-0.025889	-0.029170	-0.031758	-0.025493	-0.026093	-0.028826	-0.029905	-0.028313	-0.028170	0.063716	0.061829	0.056357	-0.035723	-0.031514	-0.024762	-0.032676	-0.021554	-0.025350	-0.037274	0.063045	0.115517	-0.024506	-0.033881	-0.036174	-0.021535	-0.021986	-0.020194	-0.024197	-0.021465	-0.021976	-0.027863	-0.029670	-0.020231	-0.018241	-0.030954	-0.017244	-0.027608	-0.041477	-0.025668	-0.038911	-0.041192	-0.025339	-0.012086	-0.041966	-0.027295	-0.027264	-0.015984	-0.025931	
-0.037725	-0.033052	-0.037186	-0.023250	0.017469	-0.012525	-0.027752	-0.028088	-0.022795	0.936427	-0.000457	-0.033755	-0.024576	-0.035449	-0.024179	-0.028305	-0.019479	-0.029392	-0.036785	-0.013988	-0.029614	-0.039268	-0.025250	-0.019564	-0.028108	-0.021815	-0.017828	-0.014144	0.037734	-0.014875	0.003553	-0.019796	-0.022380	-0.034832	-0.030930	-0.015864	-0.022770	-0.037357	0.001553	-0.036271	-0.019482	0.009706	0.006225	-0.001437	-0.017592	0.014714	0.007581	-0.032277	-0.014564	-0.018429	-0.020775	-0.059195	-0.040219	-0.035651	-0.032461	0.046015	0.081740	0.064623	-0.026654	-0.016866	-0.016290	0.009984	0.012348	0.006215	0.007401	0.000578	0.018676	0.017032	0.015301	-0.017399	-0.033257	-0.035921	-0.025362	-0.036878	-0.031840	0.014761	-0.034525	0.023604	-0.025412	-0.022513	0.013460	-0.026399	-0.027841	-0.029211	0.015191	0.005207	-0.028506	
-0.030254	-0.018755	0.011954	-0.008043	0.005398	-0.029300	-0.040790	-0.004107	-0.020135	-0.000457	1.080787	-0.020274	-0.034978	-0.037763	-0.029145	-0.039736	-0.031135	-0.044634	-0.032627	-0.034693	-0.022288	-0.017811	-0.036344	-0.015551	-0.005032	-0.015209	-0.019217	-0.022775	0.002161	-0.025636	0.049673	-0.023733	-0.021005	-0.005775	-0.034385	-0.029561	-0.036063	-0.035388	0.008754	-0.031099	-0.019536	0.036628	0.021190	-0.011863	-0.013420	0.047768	0.014571	-0.046623	-0.032956	-0.033429	-0.028326	-0.028475	-0.033229	-0.020975	-0.026074	0.002190	0.004042	0.000300	-0.035899	-0.025296	-0.002792	0.010514	0.007972	0.014835	-0.007658	-0.001546	0.014830	0.000557	0.005486	-0.034024	-0.017290	-0.012244	0.001143	-0.040413	-0.041788	0.027384	-0.026382	0.024143	-0.037046	-0.018994	0.019470	-0.019125	-0.034872	-0.010349	0.025260	0.045206	-0.037201	
-0.025494	-0.021922	-0.032913	-0.033048	-0.038448	-0.032421	-0.032285	-0.017445	-0.030165	-0.033755	-0.020274	1.104516	0.184767	-0.030387	-0.031924	0.026521	-0.024317	-0.023436	0.014501	-0.026983	0.025072	0.014511	0.012987	-0.029063	-0.018255	-0.020945	-0.038779	-0.037289	-0.032557	-0.031264	-0.033464	-0.036264	-0.025234	-0.023667	-0.029942	-0.015829	-0.032611	-0.021146	-0.028084	-0.023302	-0.016029	-0.026671	-0.030635	-0.034271	-0.022593	-0.028585	-0.044307	-0.025352	-0.039846	-0.025864	-0.034327	0.207368	0.095564	0.178148	0.097047	-0.049560	-0.041851	-0.032446	-0.021449	-0.039522	-0.021407	-0.036258	-0.028612	-0.035988	-0.033943	-0.043592	-0.040899	-0.044932	-0.033127	0.008165	-0.035243	0.026408	-0.023927	0.024204	0.024645	-0.031371	0.003199	-0.043835	-0.041682	-0.043724	-0.036817	0.021872	-0.028793	-0.024711	-0.050545	-0.044930	0.009319	
-0.022469	-0.017156	-0.045012	-0.036747	-0.040002	-0.040341	-0.033618	-0.030727	-0.051006	-0.024576	-0.034978	0.184767	1.154698	-0.025600	-0.027716	0.015226	-0.016604	-0.017191	0.006322	-0.017716	0.017239	0.018607	0.005594	-0.039303	-0.016187	-0.006836	-0.023755	-0.037363	-0.040332	-0.033743	-0.045552	-0.036157	-0.028739	-0.033592	-0.029393	-0.019659	-0.033003	-0.030436	-0.024701	-0.015250	-0.026091	-0.030044	-0.042047	-0.032718	-0.019433	-0.028589	-0.038833	-0.039538	-0.045664	-0.023207	-0.020942	0.224048	0.090305	0.266518	0.094243	-0.044693	-0.050617	-0.046985	-0.039957	-0.036883	-0.032140	-0.043245	-0.040826	-0.045041	-0.025624	-0.046787	-0.053767	-0.045250	-0.046936	0.031966	-0.041788	0.012763	-0.022193	0.027251	-0.001333	-0.026766	0.022078	-0.050954	-0.037488	-0.036141	-0.040757	0.013163	-0.015492	-0.019109	-0.044806	-0.041159	0.027839	
0.016697	0.007853	0.012995	0.014962	-0.022294	-0.017226	-0.035295	0.012660	-0.026031	-0.035449	-0.037763	-0.030387	-0.025600	1.015035	0.116656	-0.038178	-0.008444	0.138090	-0.033024	-0.030258	-0.012243	-0.022254	-0.039204	-0.022653	0.035032	0.032483	-0.042357	-0.030716	-0.031667	-0.029520	-0.026457	-0.038201	0.026294	0.056400	0.035555	0.018304	0.137059	0.044455	-0.012425	0.051175	-0.033481	-0.040028	-0.036797	-0.030632	-0.025077	-0.014435	-0.034085	0.002592	-0.031795	-0.029487	-0.023542	-0.020243	-0.026334	-0.039987	-0.027937	-0.037867	-0.036017	-0.042108	-0.028124	-0.034590	0.002178	-0.032288	-0.029482	-0.046817	-0.033773	-0.018699	-0.032065	-0.046833	-0.038111	-0.033035	-0.004193	-0.032975	0.010079	-0.028930	-0.019306	-0.037850	-0.020504	-0.044467	-0.023217	0.010329	-0.050333	-0.034957	0.010705	-0.006455	-0.041613	-0.013334	-0.029864	
0.003192	0.012321	-0.008001	0.005569	-0.035837	-0.015375	-0.029421	-0.019996	-0.034659	-0.024179	-0.029145	-0.031924	-0.027716	0.116656	0.985941	-0.029479	-0.024367	0.130557	-0.018276	-0.028871	-0.027564	-0.029880	-0.031451	-0.019348	0.020943	0.006358	-0.025400	-0.039595	-0.030390	-0.025747	-0.028292	-0.031216	0.029451	0.036387	0.035037	0.007356	0.089081	0.039691	-0.020797	0.061203	-0.027750	-0.030844	-0.022904	-0.021622	-0.024280	-0.028932	-0.021776	-0.001814	-0.024961	-0.022871	-0.017979	-0.029510	-0.027377	-0.032847	-0.041006	-0.033583	-0.022914	-0.018323	-0.030050	-0.031446	-0.002918	-0.024387	-0.033998	-0.038248	-0.025381	-0.010619	-0.023672	-0.038114	-0.033782	-0.016952	-0.020206	-0.033986	-0.013976	-0.033163	-0.021740	-0.028053	-0.029510	-0.026550	-0.005785	-0.009307	-0.036874	-0.016858	0.011443	0.013480	-0.028451	-0.025673	-0.020793	
-0.029339	-0.029208	-0.049487	-0.033423	-0.033549	-0.028519	-0.020462	-0.038508	-0.025885	-0.028305	-0.039736	0.026521	0.015226	-0.038178	-0.029479	0.963220	-0.018717	-0.037730	0.192687	-0.015889	0.174150	0.045810	0.169983	-0.013366	-0.034409	-0.029802	-0.015862	-0.025137	-0.046565	-0.022895	-0.047943	-0.025071	-0.024039	-0.030717	-0.017181	-0.013473	-0.037872	-0.030059	-0.033933	-0.030320	-0.013145	-0.042028	-0.035786	-0.029459	-0.019492	-0.038618	-0.048046	-0.025351	-0.010001	-0.022258	-0.022459	0.009801	-0.005750	-0.002485	0.011742	-0.024225	-0.045608	-0.029690	-0.021076	-0.031189	-0.025553	-0.029861	-0.045703	-0.033643	-0.027951	-0.040550	-0.037537	-0.047920	-0.039728	0.045282	-0.023132	0.039180	-0.027928	0.046187	0.066587	-0.039996	0.051928	-0.039552	-0.019383	-0.028203	-0.036127	0.050970	-0.038541	-0.022360	-0.048680	-0.053734	0.041978	
-0.021539	-0.025866	-0.038120	-0.024139	-0.006559	-0.038860	-0.025423	-0.029591	-0.026907	-0.019479	-0.031135	-0.024317	-0.016604	-0.008444	-0.024367	-0.018717	1.040862	-0.032788	-0.025463	0.266702	-0.022014	-0.018117	-0.015577	0.072160	-0.027141	-0.017211	-0.019352	-0.024324	-0.031676	-0.021455	-0.031923	-0.003588	-0.018273	-0.023059	-0.020254	-0.009817	-0.032195	-0.028874	-0.021946	-0.025591	0.083484	-0.026595	-0.017903	-0.020395	0.181493	-0.025500	-0.011637	-0.033464	-0.017465	-0.025246	-0.023171	-0.026709	-0.026243	-0.027948	-0.020549	-0.027634	-0.027023	-0.013868	-0.039015	-0.033464	-0.033384	-0.016061	-0.020811	-0.029536	-0.027350	-0.014768	-0.030536	-0.024682	-0.017470	-0.029527	-0.021954	-0.007675	-0.027659	-0.017734	-0.012285	-0.011710	-0.032826	-0.009336	-0.024989	-0.038250	-0.019922	-0.026466	-0.028422	-0.027842	-0.019033	-0.026531	-0.011675	
-0.004016	0.011892	0.013541	0.015990	-0.025241	-0.024276	-0.037993	-0.011779	-0.031520	-0.029392	-0.044634	-0.023436	-0.017191	0.138090	0.130557	-0.037730	-0.032788	1.005831	-0.034896	-0.026060	-0.019646	-0.031644	-0.032532	-0.023336	0.018361	0.019930	-0.021982	-0.036528	-0.019846	-0.021028	-0.045457	-0.041387	0.021246	0.028666	0.025534	0.015984	0.123038	0.026904	-0.029256	0.058535	-0.031785	-0.048672	-0.026291	-0.034656	-0.023372	-0.017331	-0.028356	-0.003228	-0.032985	-0.022290	-0.024200	-0.044491	-0.018711	-0.020416	-0.012648	-0.030467	-0.013770	-0.024899	-0.041212	-0.027892	-0.003711	-0.038838	-0.032476	-0.018605	-0.028737	-0.024694	-0.034852	-0.032431	-0.036459	-0.017177	-0.006780	-0.024570	-0.000119	-0.031936	-0.024435	-0.035140	-0.029920	-0.016529	-0.010928	-0.007539	-0.031858	-0.026288	0.010133	0.003988	-0.030636	-0.024544	-0.031760	
-0.027240	-0.031057	-0.027067	-0.019724	-0.040885	-0.040618	-0.035738	-0.019438	-0.027656	-0.036785	-0.032627	0.014501	0.006322	-0.033024	-0.018276	0.192687	-0.025463	-0.034896	0.992123	-0.025969	0.153674	0.049192	0.154480	-0.026659	-0.034263	-0.035153	-0.025419	-0.026164	-0.037005	-0.024790	-0.023956	-0.021594	-0.030158	-0.039018	-0.029655	-0.026026	-0.022043	-0.028344	-0.043184	-0.021468	-0.004807	-0.037848	-0.044544	-0.023376	-0.016330	-0.032597	-0.048030	-0.021793	-0.029187	-0.027631	-0.022348	0.013512	0.017993	0.006619	0.021917	-0.040460	-0.035661	-0.048693	-0.032439	-0.037847	-0.024606	-0.034392	-0.037213	-0.042793	-0.026691	-0.033678	-0.041945	-0.038567	-0.036755	0.040979	-0.027189	0.044379	-0.012680	0.057286	0.081240	-0.046825	0.060643	-0.049160	-0.017839	-0.024680	-0.031453	0.056162	-0.015321	-0.032855	-0.039883	-0.036803	0.041420	
-0.029071	-0.023611	-0.042712	-0.036327	-0.006590	-0.031576	-0.027359	-0.040817	-0.029800	-0.013988	-0.034693	-0.026983	-0.017716	-0.030258	-0.028871	-0.015889	0.266702	-0.026060	-0.025969	1.032854	-0.018906	-0.040226	-0.018933	0.067910	-0.019799	-0.012833	-0.024494	-0.030614	-0.030379	-0.019310	-0.034182	-0.017869	-0.017724	-0.018749	-0.024164	-0.016292	-0.024213	-0.021036	-0.027436	-0.018105	0.087058	-0.023724	-0.010518	-0.021253	0.186136	-0.035918	-0.004992	-0.028968	-0.023222	-0.018349	-0.011527	-0.027607	-0.028245	-0.038042	-0.027807	-0.015470	-0.018216	-0.010290	-0.029049	-0.023290	-0.036974	-0.024833	-0.019525	-0.021330	-0.018163	-0.017615	-0.023934	-0.028731	-0.022350	-0.028352	-0.014422	-0.015840	-0.033639	-0.021081	-0.020909	-0.023074	-0.029315	-0.014564	-0.021434	-0.037045	-0.022236	-0.020407	-0.022467	-0.032589	-0.026703	-0.013734	-0.014524	
-0.040849	-0.037946	-0.028618	-0.029625	-0.029083	-0.036188	-0.031520	-0.021677	-0.018643	-0.029614	-0.022288	0.025072	0.017239	-0.012243	-0.027564	0.174150	-0.022014	-0.019646	0.153674	-0.018906	1.010554	0.024763	0.151981	-0.024283	-0.046131	-0.034759	-0.024082	-0.029092	-0.043548	-0.032664	-0.050387	-0.020682	-0.030199	-0.034895	-0.019227	-0.024326	-0.028520	-0.010355	-0.032424	-0.024646	-0.020080	-0.043799	-0.037216	-0.038521	-0.015037	-0.028455	-0.035510	-0.018954	-0.040857	-0.023265	-0.031779	0.002758	0.009088	-0.002070	0.000243	-0.034558	-0.046839	-0.033365	-0.017249	-0.032341	-0.025197	-0.029528	-0.027988	-0.033676	-0.029543	-0.030615	-0.035491	-0.037767	-0.030248	0.036010	-0.020747	0.033456	-0.040247	0.058404	0.070940	-0.038806	0.058392	-0.039398	-0.019326	-0.015445	-0.023880	0.034829	-0.040417	-0.030214	-0.035853	-0.032217	0.037695	
0.003355	-0.021407	-0.002676	-0.022073	-0.036162	-0.046927	-0.034037	0.006585	-0.020722	-0.039268	-0.017811	0.014511	0.018607	-0.022254	-0.029880	0.045810	-0.018117	-0.031644	0.049192	-0.040226	0.024763	1.065040	0.053989	-0.029968	-0.029168	-0.025909	-0.023214	-0.020079	0.000409	-0.023455	-0.015980	-0.022108	-0.021160	0.025803	-0.017892	-0.014329	-0.002779	-0.003837	-0.031739	-0.023266	-0.017933	-0.037465	-0.040761	-0.027414	-0.020886	-0.025322	-0.033281	-0.026261	-0.038366	-0.036230	-0.036268	0.039647	-0.000920	0.036446	0.021193	-0.028396	-0.034142	-0.028808	-0.022069	-0.028488	-0.025549	-0.037886	-0.020532	-0.039759	-0.036447	-0.015801	-0.035709	-0.040338	-0.041297	0.053743	-0.024045	0.039242	0.005614	0.043983	0.040518	-0.030846	0.035205	-0.031588	-0.040646	-0.026893	-0.042432	0.050794	-0.022071	-0.032781	-0.029981	-0.040657	0.033126	
-0.018048	-0.018192	-0.021298	-0.031166	-0.032879	-0.027554	-0.021752	-0.035658	-0.026211	-0.025250	-0.036344	0.012987	0.005594	-0.039204	-0.031451	0.169983	-0.015577	-0.032532	0.154480	-0.018933	0.151981	0.053989	1.018954	-0.021863	-0.041083	-0.035961	-0.030221	-0.028169	-0.035001	-0.028065	-0.029434	-0.033024	-0.035974	-0.027398	-0.025296	-0.026219	-0.031778	-0.015319	-0.036544	-0.034948	-0.018093	-0.035968	-0.046740	-0.019023	-0.001433	-0.034182	-0.046313	-0.029291	-0.035666	-0.024375	-0.029712	0.005502	0.017944	-0.008659	0.021234	-0.036653	-0.046361	-0.039457	-0.023062	-0.026197	-0.030654	-0.038495	-0.040671	-0.041988	-0.027520	-0.033575	-0.033045	-0.032999	-0.041357	0.049997	-0.028441	0.040565	-0.020072	0.053690	0.073309	-0.042228	0.052900	-0.038246	-0.027991	-0.028204	-0.034435	0.064584	-0.028126	-0.026590	-0.041755	-0.046690	0.039723	
-0.030385	-0.018969	-0.050601	-0.013251	-0.006902	-0.017760	-0.012678	-0.049448	-0.009062	-0.019564	-0.015551	-0.029063	-0.039303	-0.022653	-0.019348	-0.013366	0.072160	-0.023336	-0.026659	0.067910	-0.024283	-0.029968	-0.021863	1.028071	-0.023204	-0.016494	-0.007269	-0.013011	-0.014208	-0.002870	-0.023603	-0.004820	-0.024778	-0.018323	-0.016630	-0.022384	-0.027042	-0.028069	-0.009174	-0.019981	0.079928	-0.016571	-0.022197	-0.033028	0.062000	-0.022699	-0.004618	-0.025756	-0.001507	-0.010212	0.001212	-0.032303	-0.015981	-0.040836	-0.014386	-0.016243	-0.014345	-0.017468	-0.019218	-0.016812	-0.017919	-0.013205	-0.023409	-0.028909	-0.003647	-0.007603	-0.011478	-0.009561	-0.018596	-0.026572	-0.029234	-0.013087	-0.031783	-0.016166	-0.027463	-0.024322	-0.018667	-0.000693	-0.017870	-0.026983	-0.021904	-0.013400	-0.025754	-0.007385	-0.017655	-0.015841	-0.009322	
0.020756	0.017393	-0.012612	0.012361	-0.031426	-0.023061	-0.040457	-0.008289	-0.036228	-0.028108	-0.005032	-0.018255	-0.016187	0.035032	0.020943	-0.034409	-0.027141	0.018361	-0.034263	-0.019799	-0.046131	-0.029168	-0.041083	-0.023204	1.133419	0.078870	-0.025026	-0.042921	-0.032249	-0.023753	-0.028708	-0.046109	0.057383	0.119126	0.028169	0.046150	0.029074	0.031632	-0.021233	0.038391	-0.022922	-0.024322	-0.034105	-0.014390	-0.023346	-0.040337	-0.042419	-0.012746	-0.029352	-0.037053	-0.032794	-0.011536	-0.008338	-0.026208	-0.006888	-0.025015	-0.010620	-0.047330	-0.043150	-0.032653	-0.010150	-0.029179	-0.025002	-0.023179	-0.025266	-0.042060	-0.020845	-0.029522	-0.031533	-0.042718	-0.010779	-0.040904	0.001013	-0.033643	-0.033760	-0.031260	-0.030371	-0.034512	-0.034803	-0.017405	-0.042068	-0.037516	0.018444	-0.006504	-0.033363	-0.031768	-0.018690	
0.001177	0.021014	0.003331	0.017572	-0.035484	-0.038410	-0.025765	-0.001937	-0.031602	-0.021815	-0.015209	-0.020945	-0.006836	0.032483	0.006358	-0.029802	-0.017211	0.019930	-0.035153	-0.012833	-0.034759	-0.025909	-0.035961	-0.016494	0.078870	1.134543	-0.029631	-0.030253	-0.034997	-0.031358	-0.012311	-0.044391	0.025150	0.004937	0.025062	0.026012	0.019813	0.019231	-0.036557	0.018920	-0.014319	-0.022765	-0.034987	-0.028290	-0.019368	-0.026219	-0.037275	-0.006350	-0.029928	-0.030292	-0.030324	0.002582	-0.008382	-0.001290	-0.003989	-0.026616	-0.020614	-0.031259	-0.034824	-0.035909	-0.000097	-0.033817	-0.029430	-0.027163	-0.018192	-0.033832	-0.029682	-0.034875	-0.025693	-0.034437	-0.013117	-0.030925	-0.011868	-0.023032	-0.015494	-0.034593	-0.023913	-0.030064	-0.028593	-0.004749	-0.038407	-0.047159	0.018659	0.003487	-0.013741	-0.032841	-0.028578	
-0.022670	-0.026179	-0.020339	-0.024410	-0.012900	0.042293	0.042626	-0.027390	0.039780	-0.017828	-0.019217	-0.038779	-0.023755	-0.042357	-0.025400	-0.015862	-0.019352	-0.021982	-0.025419	-0.024494	-0.024082	-0.023214	-0.030221	-0.007269	-0.025026	-0.029631	0.947789	0.045679	-0.019396	0.023785	-0.021954	0.024023	-0.016796	-0.024319	-0.021306	-0.009375	-0.027103	-0.040249	-0.027053	-0.025419	-0.011778	-0.027294	-0.009525	-0.030794	-0.020658	-0.013649	-0.018809	-0.025209	0.046372	0.027126	0.108540	-0.032609	-0.024690	-0.044423	-0.030414	-0.020675	-0.024708	-0.014173	0.038271	0.039130	-0.031826	-0.009394	-0.009874	-0.007203	-0.010490	-0.021323	-0.018824	-0.017718	-0.010382	-0.013554	-0.025284	-0.019618	-0.018535	-0.022571	-0.023487	-0.010621	-0.024184	-0.016913	-0.036060	-0.023007	-0.011813	-0.017486	-0.028267	-0.022946	-0.017331	-0.029537	-0.026040	
-0.027067	-0.021802	-0.037683	-0.028041	-0.023308	0.074355	0.067673	-0.024952	0.068517	-0.014144	-0.022775	-0.037289	-0.037363	-0.030716	-0.039595	-0.025137	-0.024324	-0.036528	-0.026164	-0.030614	-0.029092	-0.020079	-0.028169	-0.013011	-0.042921	-0.030253	0.045679	0.950036	-0.013399	0.048872	-0.026740	0.042937	-0.028654	-0.030355	-0.016621	-0.018753	-0.029994	-0.030367	-0.039931	-0.033114	-0.003759	-0.008414	-0.013686	-0.024428	-0.034260	-0.015233	-0.017144	-0.030137	0.086213	0.045006	0.046450	-0.042204	-0.035828	-0.045680	-0.047665	-0.020793	-0.014256	-0.018753	0.068730	0.081572	-0.025369	-0.017620	-0.027229	-0.029494	-0.019369	-0.018058	-0.019350	-0.021068	-0.015828	-0.016098	-0.033903	-0.022543	-0.025913	-0.024144	-0.018896	-0.010672	-0.027471	-0.027825	-0.033571	-0.029890	-0.013947	-0.016819	-0.027292	-0.031171	-0.004506	-0.021815	-0.017858	
-0.010066	-0.030881	-0.028561	-0.028293	0.032233	-0.015181	-0.018279	-0.027493	-0.033011	0.037734	0.002161	-0.032557	-0.040332	-0.031667	-0.030390	-0.046565	-0.031676	-0.019846	-0.037005	-0.030379	-0.043548	0.000409	-0.035001	-0.014208	-0.032249	-0.034997	-0.019396	-0.013399	0.914525	-0.019785	0.019671	-0.031319	-0.012916	-0.014828	-0.024141	-0.023964	-0.014469	-0.010252	0.014741	-0.025352	-0.037853	0.014632	0.004895	0.003180	-0.036951	0.003062	0.014158	-0.032362	-0.013722	-0.028458	-0.011252	-0.019195	-0.037468	-0.046084	-0.055086	0.071828	0.041559	0.047206	-0.018679	-0.027509	-0.042201	0.021057	0.001116	0.014682	0.018840	0.007265	0.024635	0.013912	0.014526	-0.038552	-0.026882	-0.017325	-0.005185	-0.029079	-0.038725	0.020562	-0.037448	0.029701	-0.026741	-0.036371	0.007543	-0.027303	-0.034222	-0.030511	0.026784	0.010127	-0.029620	
-0.035152	-0.025940	-0.027655	-0.023960	-0.013024	0.060054	0.068652	-0.047856	0.059343	-0.014875	-0.025636	-0.031264	-0.033743	-0.029520	-0.025747	-0.022895	-0.021455	-0.021028	-0.024790	-0.019310	-0.032664	-0.023455	-0.028065	-0.002870	-0.023753	-0.031358	0.023785	0.048872	-0.019785	0.942764	-0.026907	0.065177	-0.030372	-0.040780	-0.015165	-0.020911	-0.023744	-0.029153	-0.025974	-0.025328	-0.019067	-0.015710	-0.025201	-0.026505	-0.020291	-0.021631	-0.029356	-0.028684	0.060170	0.089079	0.043395	-0.043559	-0.032530	-0.051208	-0.021494	-0.004289	-0.028205	-0.015872	0.063180	0.064754	-0.035193	-0.024173	-0.034486	-0.019010	-0.018432	-0.018512	-0.028270	-0.024543	-0.023312	-0.024279	-0.027860	-0.010670	-0.025286	-0.023369	-0.024020	-0.017175	-0.028741	-0.025387	-0.020172	-0.028203	-0.021992	-0.010293	-0.016175	-0.029281	-0.018446	-0.021886	-0.021010	
0.000955	-0.006649	0.033493	-0.015517	0.002893	-0.033048	-0.038423	0.045775	-0.024781	0.003553	0.049673	-0.033464	-0.045552	-0.026457	-0.028292	-0.047943	-0.031923	-0.045457	-0.023956	-0.034182	-0.050387	-0.015980	-0.029434	-0.023603	-0.028708	-0.012311	-0.021954	-0.026740	0.019671	-0.026907	1.123169	-0.015915	-0.021124	-0.003461	-0.034082	-0.033997	-0.014059	-0.021447	0.012874	-0.032001	-0.025112	0.004815	-0.015709	-0.010100	-0.029130	0.012745	0.002535	-0.032481	-0.038201	-0.031086	-0.029494	-0.014729	-0.030173	-0.011347	-0.007791	0.018480	0.008736	-0.003038	-0.026059	-0.024320	-0.040159	0.014822	0.003436	0.004467	-0.001753	0.009822	0.002423	0.022576	0.009459	-0.061378	-0.035714	-0.035472	0.026340	-0.036454	-0.029704	0.018766	-0.011038	0.002861	-0.038544	-0.017649	0.025014	-0.040389	-0.013634	-0.008521	0.038028	0.007420	-0.021598	
-0.026581	-0.022737	-0.014107	-0.015709	0.003813	0.039884	0.042630	-0.035939	0.058846	-0.019796	-0.023733	-0.036264	-0.036157	-0.038201	-0.031216	-0.025071	-0.003588	-0.041387	-0.021594	-0.017869	-0.020682	-0.022108	-0.033024	-0.004820	-0.046109	-0.044391	0.024023	0.042937	-0.031319	0.065177	-0.015915	1.010367	-0.027464	-0.035114	-0.017257	-0.031809	-0.017897	-0.038440	-0.027426	-0.029276	-0.004131	-0.019314	-0.024197	-0.029389	-0.024234	-0.022767	-0.015897	-0.035720	0.131846	0.054260	0.017236	-0.036697	-0.029718	-0.055401	-0.037269	-0.018329	-0.021989	-0.028965	0.037034	0.077268	-0.022775	-0.014982	-0.015769	-0.013013	-0.027241	-0.031172	-0.024207	-0.025927	-0.007102	-0.025702	-0.022246	-0.017775	-0.026937	-0.022013	-0.011856	-0.007591	-0.023940	-0.010354	-0.020453	-0.030372	-0.018366	-0.030173	-0.015209	-0.013338	-0.020565	-0.012311	-0.013911	
0.001419	0.004402	-0.011868	-0.006551	-0.012512	-0.009697	-0.020519	-0.018611	-0.025739	-0.022380	-0.021005	-0.025234	-0.028739	0.026294	0.029451	-0.024039	-0.018273	0.021246	-0.030158	-0.017724	-0.030199	-0.021160	-0.035974	-0.024778	0.057383	0.025150	-0.016796	-0.028654	-0.012916	-0.030372	-0.021124	-0.027464	0.926424	0.045895	0.036233	0.036995	0.025233	0.065517	-0.016238	0.016354	-0.014889	-0.023212	-0.035584	-0.021288	-0.021869	-0.037766	-0.025102	0.004218	-0.038163	-0.024342	-0.030020	-0.033997	-0.030038	-0.032692	-0.045470	-0.015220	-0.030781	-0.018906	-0.044948	-0.023994	-0.006867	-0.017975	-0.022891	-0.010479	-0.020168	-0.034607	-0.018891	-0.025750	-0.014801	-0.023447	-0.009516	-0.018113	0.003650	-0.008379	-0.019080	-0.032607	-0.017550	-0.019558	-0.006969	-0.001996	-0.007340	-0.025814	0.010114	0.001123	-0.026104	-0.029701	-0.014847	
0.041697	0.013393	0.024352	-0.002461	-0.035903	-0.024174	-0.030823	0.021191	-0.022272	-0.034832	-0.005775	-0.023667	-0.033592	0.056400	0.036387	-0.030717	-0.023059	0.028666	-0.039018	-0.018749	-0.034895	0.025803	-0.027398	-0.018323	0.119126	0.004937	-0.024319	-0.030355	-0.014828	-0.040780	-0.003461	-0.035114	0.045895	1.049333	0.013517	0.035300	0.059556	0.068574	-0.030202	0.007872	-0.021972	-0.039351	-0.035999	-0.034609	-0.016149	-0.026426	-0.032929	-0.029806	-0.018705	-0.034623	-0.041947	0.008664	-0.025533	-0.021555	-0.029679	-0.027509	-0.026485	-0.035430	-0.014119	-0.028170	-0.025418	-0.027891	-0.031837	-0.026736	-0.026569	-0.029630	-0.019625	-0.030508	-0.033661	-0.027298	-0.030016	-0.033101	0.039220	-0.032861	-0.040177	-0.031917	-0.024400	-0.029043	-0.022762	-0.029911	-0.026404	-0.024983	-0.000637	0.005794	-0.026916	-0.029260	-0.038428	
0.016280	-0.002062	-0.028276	0.006070	-0.025041	-0.013572	-0.020794	-0.013824	-0.023274	-0.030930	-0.034385	-0.029942	-0.029393	0.035555	0.035037	-0.017181	-0.020254	0.025534	-0.029655	-0.024164	-0.019227	-0.017892	-0.025296	-0.016630	0.028169	0.025062	-0.021306	-0.016621	-0.024141	-0.015165	-0.034082	-0.017257	0.036233	0.013517	0.948028	0.031731	0.065414	0.050111	-0.022783	0.033150	-0.012050	-0.026592	-0.029623	-0.035242	-0.020878	-0.032320	-0.039239	-0.002700	-0.015271	-0.020975	-0.031162	-0.029046	-0.032034	-0.035527	-0.047745	-0.019735	-0.023780	-0.029087	-0.023063	-0.020834	0.005912	-0.019459	-0.024281	-0.023088	-0.022096	-0.027990	-0.028597	-0.020898	-0.037102	-0.027908	-0.004607	-0.020882	-0.006333	-0.010992	-0.024674	-0.027259	-0.037580	-0.029572	-0.005091	0.001553	-0.015359	-0.021524	0.012511	0.003105	-0.029568	-0.027919	-0.017808	
0.018509	0.019910	-0.015953	0.002459	-0.024128	-0.031951	-0.012478	-0.012754	-0.038664	-0.015864	-0.029561	-0.015829	-0.019659	0.018304	0.007356	-0.013473	-0.009817	0.015984	-0.026026	-0.016292	-0.024326	-0.014329	-0.026219	-0.022384	0.046150	0.026012	-0.009375	-0.018753	-0.023964	-0.020911	-0.033997	-0.031809	0.036995	0.035300	0.031731	0.941693	0.016346	0.032920	-0.025437	0.026950	-0.017032	-0.027083	-0.031812	-0.033038	-0.026256	-0.016215	-0.022956	0.005584	-0.026107	-0.021658	-0.028223	-0.035745	-0.036774	-0.016834	-0.040800	-0.019102	-0.031149	-0.032592	-0.023291	-0.024559	-0.008457	-0.029683	-0.028913	-0.028936	-0.023341	-0.029104	-0.022197	-0.012171	-0.029432	-0.009999	-0.000549	-0.016477	0.005754	-0.011665	-0.019215	-0.021571	-0.017088	-0.022532	-0.013890	-0.006444	-0.027694	-0.024435	0.010829	0.018547	-0.024463	-0.020372	-0.024020	
0.030954	0.008812	0.006201	0.010495	-0.040183	-0.030983	-0.032432	0.001114	-0.028736	-0.022770	-0.036063	-0.032611	-0.033003	0.137059	0.089081	-0.037872	-0.032195	0.123038	-0.022043	-0.024213	-0.028520	-0.002779	-0.031778	-0.027042	0.029074	0.019813	-0.027103	-0.029994	-0.014469	-0.023744	-0.014059	-0.017897	0.025233	0.059556	0.065414	0.016346	0.981315	0.055929	-0.029138	0.044749	-0.020912	-0.038505	-0.032244	-0.030005	-0.015302	-0.035906	-0.050933	-0.005472	-0.031147	-0.021343	-0.031633	-0.016880	-0.042520	-0.037289	-0.047485	-0.021741	-0.032988	-0.032855	-0.017605	-0.032313	0.003364	-0.028661	-0.039028	-0.024345	-0.033676	-0.023823	-0.034094	-0.040579	-0.038540	-0.032103	0.007512	-0.035708	0.006531	-0.035916	-0.032759	-0.041800	-0.016135	-0.039024	-0.015242	0.005462	-0.031956	-0.015678	-0.001817	-0.004849	-0.032440	-0.023956	-0.038474	
0.038105	0.011176	0.022401	0.005258	-0.024735	-0.038720	-0.034562	0.019290	-0.028480	-0.037357	-0.035388	-0.021146	-0.030436	0.044455	0.039691	-0.030059	-0.028874	0.026904	-0.028344	-0.021036	-0.010355	-0.003837	-0.015319	-0.028069	0.031632	0.019231	-0.040249	-0.030367	-0.010252	-0.029153	-0.021447	-0.038440	0.065517	0.068574	0.050111	0.032920	0.055929	1.024955	-0.025911	0.052397	-0.029225	-0.039117	-0.048000	-0.016658	-0.040198	-0.018734	-0.044971	0.006271	-0.027812	-0.031959	-0.038461	-0.006981	-0.031959	-0.026351	-0.009360	-0.032764	-0.030806	-0.026021	-0.017046	-0.033910	-0.001975	-0.019692	-0.029047	-0.033803	-0.032417	-0.034734	-0.038058	-0.034752	-0.035284	-0.027853	0.004828	-0.039639	0.026447	-0.033074	-0.017071	-0.039950	-0.028549	-0.032224	-0.001944	0.006716	-0.038662	-0.028167	0.016618	0.019262	-0.024647	-0.032848	-0.038113	
-0.029766	-0.021503	-0.043536	-0.030164	0.017997	-0.030672	-0.026939	-0.039000	-0.022727	0.001553	0.008754	-0.028084	-0.024701	-0.012425	-0.020797	-0.033933	-0.021946	-0.029256	-0.043184	-0.027436	-0.032424	-0.031739	-0.036544	-0.009174	-0.021233	-0.036557	-0.027053	-0.039931	0.014741	-0.025974	0.012874	-0.027426	-0.016238	-0.030202	-0.022783	-0.025437	-0.029138	-0.025911	0.973642	-0.033584	-0.021786	0.025259	0.033847	0.021434	-0.023232	0.014332	0.022860	-0.027467	-0.022047	-0.018888	-0.023368	-0.027621	-0.045619	-0.031488	-0.041738	0.010853	0.011439	0.007055	-0.030175	-0.018706	-0.035422	0.023970	0.027726	0.034539	0.020226	0.024095	0.027942	0.050458	0.033881	-0.034710	-0.021072	-0.026623	-0.014698	-0.028301	-0.031629	0.005816	-0.024659	0.021854	-0.028992	-0.026726	0.011556	-0.028798	-0.009620	-0.040867	0.015422	0.018085	-0.043282	
0.005512	0.008406	0.007356	0.007954	-0.030757	-0.023808	-0.036324	-0.014098	-0.025889	-0.036271	-0.031099	-0.023302	-0.015250	0.051175	0.061203	-0.030320	-0.025591	0.058535	-0.021468	-0.018105	-0.024646	-0.023266	-0.034948	-0.019981	0.038391	0.018920	-0.025419	-0.033114	-0.025352	-0.025328	-0.032001	-0.029276	0.016354	0.007872	0.033150	0.026950	0.044749	0.052397	-0.033584	1.007565	-0.028165	-0.023770	-0.011041	-0.024478	-0.014195	-0.034629	-0.019343	0.003588	-0.022943	-0.016013	-0.042341	-0.005261	-0.008714	-0.026190	-0.012166	-0.023072	-0.016495	-0.024849	-0.028537	-0.036117	-0.005596	-0.027853	-0.019809	-0.013230	-0.018689	-0.021633	-0.038362	-0.030209	-0.028259	-0.022485	-0.008641	-0.031203	0.019673	-0.027411	-0.035005	-0.027454	-0.027915	-0.032280	-0.002419	-0.000351	-0.028666	-0.024798	-0.000845	0.019275	-0.030486	-0.013827	-0.043870	
-0.028154	-0.024726	-0.041238	-0.020047	-0.014863	-0.007852	-0.010596	-0.028216	-0.029170	-0.019482	-0.019536	-0.016029	-0.026091	-0.033481	-0.027750	-0.013145	0.083484	-0.031785	-0.004807	0.087058	-0.020080	-0.017933	-0.018093	0.079928	-0.022922	-0.014319	-0.011778	-0.003759	-0.037853	-0.019067	-0.025112	-0.004131	-0.014889	-0.021972	-0.012050	-0.017032	-0.020912	-0.029225	-0.021786	-0.028165	1.059680	-0.025029	-0.009513	-0.015250	0.078843	-0.019294	-0.000220	-0.030767	-0.024520	-0.009571	-0.015597	-0.034469	-0.029884	-0.029586	-0.012531	-0.012653	-0.025750	-0.005196	-0.023575	-0.027415	-0.026835	-0.021169	-0.024305	-0.030658	-0.023092	-0.031837	-0.017855	-0.022918	-0.019503	-0.016724	-0.024527	0.001383	-0.017449	-0.010215	-0.017003	-0.018005	-0.019292	-0.019544	-0.023620	-0.029837	-0.015529	-0.030203	-0.025637	-0.005393	-0.012298	-0.014248	-0.004338	
-0.037150	-0.028761	-0.045027	-0.029155	0.010324	-0.028851	-0.035953	-0.026227	-0.031758	0.009706	0.036628	-0.026671	-0.030044	-0.040028	-0.030844	-0.042028	-0.026595	-0.048672	-0.037848	-0.023724	-0.043799	-0.037465	-0.035968	-0.016571	-0.024322	-0.022765	-0.027294	-0.008414	0.014632	-0.015710	0.004815	-0.019314	-0.023212	-0.039351	-0.026592	-0.027083	-0.038505	-0.039117	0.025259	-0.023770	-0.025029	0.952435	0.016363	0.011342	-0.017925	0.024227	0.034716	-0.040229	-0.016499	-0.019039	-0.031648	-0.029230	-0.042456	-0.015654	-0.027865	0.014545	0.023050	0.028121	-0.024457	-0.027494	-0.037143	0.025609	0.021127	0.008589	0.017838	0.015805	0.024776	0.020693	0.016732	-0.036384	-0.040347	-0.030979	-0.029477	-0.034394	-0.037467	0.084738	-0.030906	0.047619	-0.027540	-0.033198	0.072240	-0.042481	-0.023728	-0.028534	0.058068	0.056561	-0.029988	
-0.031911	-0.025688	-0.029280	-0.017301	0.013393	-0.018585	-0.020457	-0.045159	-0.025493	0.006225	0.021190	-0.030635	-0.042047	-0.036797	-0.022904	-0.035786	-0.017903	-0.026291	-0.044544	-0.010518	-0.037216	-0.040761	-0.046740	-0.022197	-0.034105	-0.034987	-0.009525	-0.013686	0.004895	-0.025201	-0.015709	-0.024197	-0.035584	-0.035999	-0.029623	-0.031812	-0.032244	-0.048000	0.033847	-0.011041	-0.009513	0.016363	0.973050	0.013399	-0.026247	0.038291	0.043268	-0.032771	-0.021470	-0.021167	-0.022765	-0.027039	-0.027524	-0.025994	-0.024886	0.011711	0.019622	0.014321	-0.021261	-0.024488	-0.026770	0.023551	0.037642	0.026934	0.020791	0.029017	0.030717	0.046971	0.071877	-0.026793	-0.015904	-0.033508	-0.039191	-0.040898	-0.037806	0.021165	-0.024667	0.009613	-0.039448	-0.028662	0.004559	-0.033741	-0.019167	-0.017478	0.006649	0.014113	-0.023888	
-0.032856	-0.028803	-0.023946	-0.027353	0.016304	-0.021645	-0.026815	-0.025331	-0.026093	-0.001437	-0.011863	-0.034271	-0.032718	-0.030632	-0.021622	-0.029459	-0.020395	-0.034656	-0.023376	-0.021253	-0.038521	-0.027414	-0.019023	-0.033028	-0.014390	-0.028290	-0.030794	-0.024428	0.003180	-0.026505	-0.010100	-0.029389	-0.021288	-0.034609	-0.035242	-0.033038	-0.030005	-0.016658	0.021434	-0.024478	-0.015250	0.011342	0.013399	0.984549	-0.016969	0.035052	0.025129	-0.027378	-0.024973	-0.017921	-0.012106	-0.035307	-0.029972	-0.027046	-0.035872	0.013816	0.014789	0.018216	-0.015905	-0.040751	-0.035406	0.033219	0.038203	0.016817	0.026424	0.055037	0.044317	0.055309	0.028364	-0.040524	-0.025234	-0.040696	-0.039755	-0.034259	-0.015100	0.017671	-0.025741	0.018399	-0.034171	-0.029727	0.012069	-0.028167	-0.039322	-0.021409	0.007797	0.025933	-0.027082	
-0.028967	-0.036683	-0.039555	-0.032334	-0.004723	-0.025438	-0.018248	-0.039883	-0.028826	-0.017592	-0.013420	-0.022593	-0.019433	-0.025077	-0.024280	-0.019492	0.181493	-0.023372	-0.016330	0.186136	-0.015037	-0.020886	-0.001433	0.062000	-0.023346	-0.019368	-0.020658	-0.034260	-0.036951	-0.020291	-0.029130	-0.024234	-0.021869	-0.016149	-0.020878	-0.026256	-0.015302	-0.040198	-0.023232	-0.014195	0.078843	-0.017925	-0.026247	-0.016969	1.061517	-0.026179	-0.018738	-0.035036	-0.018046	-0.013944	-0.013812	-0.027191	-0.000431	-0.016224	-0.007747	-0.009586	-0.024273	-0.014950	-0.032375	-0.027039	-0.029697	-0.016692	-0.020606	-0.020824	-0.026867	-0.016175	-0.026543	-0.024977	-0.031020	-0.022061	-0.031487	-0.006532	-0.027047	-0.020629	-0.010790	-0.026913	-0.010024	-0.021460	-0.029661	-0.041060	-0.022265	-0.023765	-0.026547	-0.029053	-0.012373	-0.014971	-0.020037	
-0.039012	-0.035266	-0.033419	-0.030874	0.004296	-0.038933	-0.022676	-0.024681	-0.029905	0.014714	0.047768	-0.028585	-0.028589	-0.014435	-0.028932	-0.038618	-0.025500	-0.017331	-0.032597	-0.035918	-0.028455	-0.025322	-0.034182	-0.022699	-0.040337	-0.026219	-0.013649	-0.015233	0.003062	-0.021631	0.012745	-0.022767	-0.037766	-0.026426	-0.032320	-0.016215	-0.035906	-0.018734	0.014332	-0.034629	-0.019294	0.024227	0.038291	0.035052	-0.026179	0.987664	0.038761	-0.046348	-0.029165	-0.013353	-0.023229	-0.046981	-0.037463	-0.010103	-0.008182	0.013541	0.030259	0.004923	-0.022456	-0.028392	-0.040237	0.041385	0.062501	0.027811	0.029818	0.035526	0.039470	0.028617	0.036058	-0.029297	-0.053726	-0.042257	-0.015011	-0.026798	-0.026774	0.008766	-0.018725	0.006197	-0.045913	-0.046580	0.027909	-0.030518	-0.032712	-0.040759	0.014661	0.039178	-0.051319	
