0.586205	-0.010327	-0.012171	-0.011227	-0.007232	-0.019692	-0.008849	-0.020399	-0.010087	-0.005636	-0.009839	-0.005851	-0.009136	-0.003175	-0.010679	-0.017580	-0.002680	-0.012881	-0.006436	-0.013982	-0.001142	-0.004653	-0.013878	-0.012659	0.000096	-0.019452	-0.013849	-0.011149	-0.018559	
-0.010327	0.549520	-0.008964	-0.016550	-0.012242	-0.011701	0.002886	-0.010015	-0.002096	-0.007734	-0.013186	-0.018351	0.000103	-0.016507	-0.010697	-0.014373	-0.008731	-0.012171	-0.009574	-0.008695	-0.011353	-0.012784	-0.008591	-0.015173	0.000598	-0.010732	-0.008562	-0.013247	-0.005991	
-0.012171	-0.008964	0.612668	-0.025987	-0.015646	-0.025298	-0.018928	-0.012587	-0.007684	-0.013426	-0.007020	-0.004176	-0.015783	-0.017623	0.001086	-0.018505	-0.020768	-0.026496	-0.018074	-0.013243	-0.003523	-0.002874	-0.008667	0.002122	-0.006134	-0.004879	-0.023096	-0.008329	0.030339	
-0.011227	-0.016550	-0.025987	0.628923	-0.016887	0.012050	-0.016217	0.001878	-0.008509	-0.007074	-0.012214	-0.000008	-0.012759	-0.026561	-0.020958	-0.001335	-0.016496	-0.007766	-0.003401	-0.006891	-0.018078	-0.013788	-0.024470	-0.020026	-0.002383	-0.016833	-0.000621	-0.014563	-0.006787	
-0.007232	-0.012242	-0.015646	-0.016887	0.595602	-0.019631	-0.008684	-0.009208	-0.016995	-0.010359	-0.005098	-0.025657	-0.019165	-0.005819	-0.005625	-0.020327	-0.016973	-0.010948	-0.005646	-0.018290	-0.003889	0.012362	-0.010801	0.024120	-0.016486	-0.017207	-0.014620	-0.002142	-0.018706	
-0.019692	-0.011701	-0.025298	0.012050	-0.019631	0.595064	-0.015424	-0.010123	0.000293	-0.019387	-0.001644	0.005257	-0.004997	-0.004965	-0.014445	-0.008032	-0.015808	-0.017791	-0.010514	-0.007451	-0.021758	-0.014140	-0.011091	-0.025474	-0.011263	-0.009696	0.002355	-0.009402	-0.007763	
-0.008849	0.002886	-0.018928	-0.016217	-0.008684	-0.015424	0.540453	-0.012802	-0.016116	-0.004696	-0.008068	-0.017393	-0.006428	-0.002756	-0.002042	-0.017888	0.000964	-0.006844	-0.009656	-0.020011	-0.004570	-0.011410	-0.004617	-0.012447	-0.014983	-0.022673	0.001652	-0.011353	-0.000873	
-0.020399	-0.010015	-0.012587	0.001878	-0.009208	-0.010123	-0.012802	0.574971	-0.001038	-0.017805	-0.011608	-0.012300	-0.003728	-0.021898	-0.015463	-0.011859	-0.020363	-0.008304	-0.003939	-0.007325	-0.013831	-0.012454	-0.006181	0.003048	-0.016963	0.002391	-0.021234	-0.010836	-0.002540	
-0.010087	-0.002096	-0.007684	-0.008509	-0.016995	0.000293	-0.016116	-0.001038	0.592919	-0.008430	-0.014090	-0.004900	-0.005377	-0.018451	-0.004319	-0.010284	-0.016188	-0.003713	-0.020463	-0.008143	-0.013713	-0.025130	-0.013344	-0.021902	-0.007691	-0.016837	-0.010194	-0.004997	-0.006063	
-0.005636	-0.007734	-0.013426	-0.007074	-0.010359	-0.019387	-0.004696	-0.017805	-0.008430	0.549147	-0.009743	-0.016364	-0.013304	0.002122	-0.007981	-0.017483	-0.005080	-0.002903	-0.004674	-0.005772	-0.007390	-0.019430	0.000365	-0.024627	0.001961	-0.012698	-0.011256	-0.013132	-0.012637	
-0.009839	-0.013186	-0.007020	-0.012214	-0.005098	-0.001644	-0.008068	-0.011608	-0.014090	-0.009743	0.536701	-0.005901	-0.008979	-0.013211	-0.014577	-0.009413	-0.010116	-0.011163	-0.004405	-0.009976	-0.012113	-0.008864	-0.018713	-0.014269	-0.013996	-0.006708	-0.005578	-0.000381	-0.007479	
-0.005851	-0.018351	-0.004176	-0.000008	-0.025657	0.005257	-0.017393	-0.012300	-0.004900	-0.016364	-0.005901	0.587396	-0.013207	-0.020352	-0.008821	0.001545	-0.016529	-0.010399	-0.013003	-0.012124	-0.004484	-0.012676	-0.016181	-0.015793	-0.013440	-0.010521	-0.003878	-0.010747	-0.007443	
-0.009136	0.000103	-0.015783	-0.012759	-0.019165	-0.004997	-0.006428	-0.003728	-0.005377	-0.013304	-0.008979	-0.013207	0.510805	-0.000650	-0.000977	-0.009854	-0.004316	-0.013268	0.006283	-0.017698	-0.010578	-0.011593	-0.007088	-0.021159	-0.008093	-0.009438	-0.015797	-0.005815	-0.012601	
-0.003175	-0.016507	-0.017623	-0.026561	-0.005819	-0.004965	-0.002756	-0.021898	-0.018451	0.002122	-0.013211	-0.020352	-0.000650	0.534857	-0.005313	-0.014710	-0.001475	-0.008451	-0.016568	-0.008928	-0.007738	-0.012393	0.008234	-0.008333	-0.009517	-0.009821	-0.003075	-0.007447	-0.012049	
-0.010679	-0.010697	0.001086	-0.020958	-0.005625	-0.014445	-0.002042	-0.015463	-0.004319	-0.007981	-0.014577	-0.008821	-0.000977	-0.005313	0.520238	-0.008068	0.000487	-0.001497	-0.023655	-0.005614	-0.000991	-0.007831	-0.007486	-0.010012	-0.014316	-0.021069	-0.020252	-0.000492	-0.018512	
-0.017580	-0.014373	-0.018505	-0.001335	-0.020327	-0.008032	-0.017888	-0.011859	-0.010284	-0.017483	-0.009413	0.001545	-0.009854	-0.014710	-0.008068	0.578343	-0.007870	-0.010374	-0.011418	-0.011995	-0.013925	-0.009427	-0.003154	-0.025858	-0.006342	-0.006439	0.017054	-0.010722	-0.010539	
-0.002680	-0.008731	-0.020768	-0.016496	-0.016973	-0.015808	0.000964	-0.020363	-0.016188	-0.005080	-0.010116	-0.016529	-0.004316	-0.001475	0.000487	-0.007870	0.532885	-0.004732	-0.016385	-0.002921	0.001079	-0.008362	-0.015298	-0.013871	-0.002885	-0.000589	-0.021719	0.000329	-0.019147	
-0.012881	-0.012171	-0.026496	-0.007766	-0.010948	-0.017791	-0.006844	-0.008304	-0.003713	-0.002903	-0.011163	-0.010399	-0.013268	-0.008451	-0.001497	-0.010374	-0.004732	0.546586	-0.010047	0.001441	-0.008498	-0.020018	-0.004488	-0.023447	-0.004452	-0.016719	0.004694	-0.012160	-0.009897	
-0.006436	-0.009574	-0.018074	-0.003401	-0.005646	-0.010514	-0.009656	-0.003939	-0.020463	-0.004674	-0.004405	-0.013003	0.006283	-0.016568	-0.023655	-0.011418	-0.016385	-0.010047	0.564878	-0.017701	-0.008085	-0.000883	-0.009796	-0.000152	-0.002271	-0.012666	-0.021833	-0.016220	-0.011253	
-0.013982	-0.008695	-0.013243	-0.006891	-0.018290	-0.007451	-0.020011	-0.007325	-0.008143	-0.005772	-0.009976	-0.012124	-0.017698	-0.008928	-0.005614	-0.011995	-0.002921	0.001441	-0.017701	0.568601	-0.010327	-0.019039	-0.004549	-0.010194	-0.005761	0.003087	-0.020018	-0.004524	-0.017655	
-0.001142	-0.011353	-0.003523	-0.018078	-0.003889	-0.021758	-0.004570	-0.013831	-0.013713	-0.007390	-0.012113	-0.004484	-0.010578	-0.007738	-0.000991	-0.013925	0.001079	-0.008498	-0.008085	-0.010327	0.573989	-0.003182	-0.008975	-0.005987	-0.013204	-0.021102	-0.024236	-0.012174	-0.023225	
-0.004653	-0.012784	-0.002874	-0.013788	0.012362	-0.014140	-0.011410	-0.012454	-0.025130	-0.019430	-0.008864	-0.012676	-0.011593	-0.012393	-0.007831	-0.009427	-0.008362	-0.020018	-0.000883	-0.019039	-0.003182	0.588027	-0.030065	0.015465	-0.008602	-0.013796	-0.019323	-0.002476	-0.016647	
-0.013878	-0.008591	-0.008667	-0.024470	-0.010801	-0.011091	-0.004617	-0.006181	-0.013344	0.000365	-0.018713	-0.016181	-0.007088	0.008234	-0.007486	-0.003154	-0.015298	-0.004488	-0.009796	-0.004549	-0.008975	-0.030065	0.566937	-0.008634	-0.016059	-0.001281	-0.011177	-0.012013	-0.015471	
-0.012659	-0.015173	0.002122	-0.020026	0.024120	-0.025474	-0.012447	0.003048	-0.021902	-0.024627	-0.014269	-0.015793	-0.021159	-0.008333	-0.010012	-0.025858	-0.013871	-0.023447	-0.000152	-0.010194	-0.005987	0.015465	-0.008634	0.633184	-0.012031	-0.000790	-0.027640	-0.015578	-0.015291	
0.000096	0.000598	-0.006134	-0.002383	-0.016486	-0.011263	-0.014983	-0.016963	-0.007691	0.001961	-0.013996	-0.013440	-0.008093	-0.009517	-0.014316	-0.006342	-0.002885	-0.004452	-0.002271	-0.005761	-0.013204	-0.008602	-0.016059	-0.012031	0.521314	-0.011023	-0.009789	-0.016554	-0.019075	
-0.019452	-0.010732	-0.004879	-0.016833	-0.017207	-0.009696	-0.022673	0.002391	-0.016837	-0.012698	-0.006708	-0.010521	-0.009438	-0.009821	-0.021069	-0.006439	-0.000589	-0.016719	-0.012666	0.003087	-0.021102	-0.013796	-0.001281	-0.000790	-0.011023	0.569606	-0.006558	-0.002505	-0.008250	
-0.013849	-0.008562	-0.023096	-0.000621	-0.014620	0.002355	0.001652	-0.021234	-0.010194	-0.011256	-0.005578	-0.003878	-0.015797	-0.003075	-0.020252	0.017054	-0.021719	0.004694	-0.021833	-0.020018	-0.024236	-0.019323	-0.011177	-0.027640	-0.009789	-0.006558	0.603041	-0.005119	-0.007849	
-0.011149	-0.013247	-0.008329	-0.014563	-0.002142	-0.009402	-0.011353	-0.010836	-0.004997	-0.013132	-0.000381	-0.010747	-0.005815	-0.007447	-0.000492	-0.010722	0.000329	-0.012160	-0.016220	-0.004524	-0.012174	-0.002476	-0.012013	-0.015578	-0.016554	-0.002505	-0.005119	0.497972	-0.015237	
-0.018559	-0.005991	0.030339	-0.006787	-0.018706	-0.007763	-0.000873	-0.002540	-0.006063	-0.012637	-0.007479	-0.007443	-0.012601	-0.012049	-0.018512	-0.010539	-0.019147	-0.009897	-0.011253	-0.017655	-0.023225	-0.016647	-0.015471	-0.015291	-0.019075	-0.008250	-0.007849	-0.015237	0.594397	
