0.948060	0.020337	0.010444	-0.077430	-0.073914	-0.076994	-0.091670	-0.064252	-0.076359	-0.082764	-0.051429	-0.070469	-0.070782	-0.067935	-0.075283	-0.065419	-0.068093	-0.073104	
0.020337	0.929045	0.058238	-0.081759	-0.068779	-0.074176	-0.092771	-0.078395	-0.083215	-0.059969	-0.069958	-0.065048	-0.063058	-0.079439	-0.071106	-0.072314	-0.079001	-0.082149	
0.010444	0.058238	0.980754	-0.078655	-0.072595	-0.078036	-0.109517	-0.079158	-0.089260	-0.087101	-0.070188	-0.074932	-0.080388	-0.072245	-0.065724	-0.062742	-0.073915	-0.078435	
-0.077430	-0.081759	-0.078655	0.982156	-0.053016	-0.053736	-0.070353	-0.070105	-0.073542	-0.059388	-0.047796	-0.071531	-0.056588	-0.064784	-0.050950	-0.067035	-0.055179	-0.069961	
-0.073914	-0.068779	-0.072595	-0.053016	1.002646	-0.054891	-0.075388	-0.055228	-0.075093	-0.056491	-0.061122	-0.046109	-0.075016	-0.064886	-0.060426	-0.068300	-0.071322	-0.061861	
-0.076994	-0.074176	-0.078036	-0.053736	-0.054891	0.979877	-0.071286	-0.063387	-0.063545	-0.061166	-0.045791	-0.061228	-0.068873	-0.065514	-0.048375	-0.058745	-0.068404	-0.059473	
-0.091670	-0.092771	-0.109517	-0.070353	-0.075388	-0.071286	1.122309	-0.072398	0.026850	-0.071174	-0.066700	-0.074327	-0.066938	-0.058574	-0.075245	-0.046691	-0.090401	-0.078792	
-0.064252	-0.078395	-0.079158	-0.070105	-0.055228	-0.063387	-0.072398	0.974225	-0.061855	-0.052071	-0.062544	-0.022827	-0.065225	-0.049257	-0.078189	-0.063976	-0.082493	-0.055806	
-0.076359	-0.083215	-0.089260	-0.073542	-0.075093	-0.063545	0.026850	-0.061855	1.015964	-0.073575	-0.064419	-0.065141	-0.062171	-0.060318	-0.058538	-0.063464	-0.067318	-0.065227	
-0.082764	-0.059969	-0.087101	-0.059388	-0.056491	-0.061166	-0.071174	-0.052071	-0.073575	1.064878	-0.076596	-0.064568	-0.063313	-0.069340	-0.066495	-0.070576	-0.061025	-0.067645	
-0.051429	-0.069958	-0.070188	-0.047796	-0.061122	-0.045791	-0.066700	-0.062544	-0.064419	-0.076596	0.978002	-0.064767	-0.064083	-0.064873	-0.065217	-0.072532	-0.064585	-0.064739	
-0.070469	-0.065048	-0.074932	-0.071531	-0.046109	-0.061228	-0.074327	-0.022827	-0.065141	-0.064568	-0.064767	0.976147	-0.067672	-0.057094	-0.051433	-0.067150	-0.062975	-0.079265	
-0.070782	-0.063058	-0.080388	-0.056588	-0.075016	-0.068873	-0.066938	-0.065225	-0.062171	-0.063313	-0.064083	-0.067672	1.023321	-0.065543	-0.066487	-0.065001	-0.061495	-0.047202	
-0.067935	-0.079439	-0.072245	-0.064784	-0.064886	-0.065514	-0.058574	-0.049257	-0.060318	-0.069340	-0.064873	-0.057094	-0.065543	0.981456	-0.050621	-0.054330	-0.063468	-0.041271	
-0.075283	-0.071106	-0.065724	-0.050950	-0.060426	-0.048375	-0.075245	-0.078189	-0.058538	-0.066495	-0.065217	-0.051433	-0.066487	-0.050621	0.987056	-0.061706	-0.066556	-0.078168	
-0.065419	-0.072314	-0.062742	-0.067035	-0.068300	-0.058745	-0.046691	-0.063976	-0.063464	-0.070576	-0.072532	-0.067150	-0.065001	-0.054330	-0.061706	0.978553	-0.050738	-0.064959	
-0.068093	-0.079001	-0.073915	-0.055179	-0.071322	-0.068404	-0.090401	-0.082493	-0.067318	-0.061025	-0.064585	-0.062975	-0.061495	-0.063468	-0.066556	-0.050738	1.078406	-0.071163	
-0.073104	-0.082149	-0.078435	-0.069961	-0.061861	-0.059473	-0.078792	-0.055806	-0.065227	-0.067645	-0.064739	-0.079265	-0.047202	-0.041271	-0.078168	-0.064959	-0.071163	1.044769	
