1.145373	0.010152	-0.007775	-0.000923	-0.003732	0.002616	-0.026199	-0.006847	-0.004078	-0.014329	0.000985	0.010433	-0.011709	0.048036	0.011177	-0.006794	0.024507	-0.008083	-0.032805	-0.013159	0.005642	-0.002420	-0.029383	-0.005379	-0.009422	-0.025007	-0.019878	-0.043190	-0.005038	-0.015827	-0.017693	-0.004320	-0.007480	-0.023183	0.007764	-0.020975	-0.038056	-0.014283	-0.032579	-0.023297	-0.029907	-0.029116	-0.010396	0.012742	-0.017415	-0.019598	-0.007059	-0.005951	-0.006792	0.003005	-0.029898	-0.007898	-0.021745	-0.026087	-0.020787	-0.008395	-0.022003	-0.001722	-0.027067	-0.018618	-0.001695	-0.009113	-0.029875	-0.014763	-0.013227	-0.011702	-0.008792	0.005212	-0.026413	-0.018395	-0.000806	-0.031609	-0.021484	-0.013931	-0.014261	0.000225	-0.006789	-0.015451	-0.022422	-0.015024	0.005136	-0.008308	-0.023503	-0.033766	-0.020268	-0.016573	-0.025928	-0.023811	-0.032421	-0.043912	-0.018557	0.008471	-0.003981	-0.019325	0.157851	-0.027005	-0.020518	-0.029902	-0.024765	-0.018779	0.005790	0.117494	-0.027746	-0.019945	0.003145	-0.028229	0.009864	-0.027762	-0.026779	-0.027721	
0.010152	1.123560	-0.014542	-0.005485	-0.006263	-0.013382	0.006625	-0.008360	-0.012123	-0.014424	-0.003298	-0.009124	-0.006074	0.004719	0.099145	-0.023035	-0.009217	-0.019431	-0.021291	0.001234	-0.014422	0.001113	-0.005135	-0.019319	0.000969	-0.024208	-0.002248	-0.012584	-0.011527	-0.017694	-0.013896	-0.013688	0.000219	-0.030918	-0.016535	-0.019948	-0.031157	-0.016706	-0.028913	-0.020746	-0.010881	-0.018550	-0.000917	-0.009274	-0.021644	-0.003455	-0.018122	-0.029760	-0.025089	-0.010319	-0.020765	0.001620	-0.015506	-0.016846	-0.000452	-0.006629	-0.000680	0.000742	-0.016164	-0.019605	-0.000237	0.014477	-0.026685	-0.003925	-0.018471	-0.018531	-0.010004	0.008535	-0.018280	0.007917	-0.016323	-0.021009	-0.014141	-0.017628	-0.015073	-0.004590	-0.016078	-0.034893	-0.032347	-0.030274	0.007299	-0.006044	-0.018033	-0.002516	-0.019832	-0.027580	-0.016826	-0.007025	-0.019872	-0.005597	-0.001997	-0.027606	0.004167	0.004906	-0.013964	-0.018389	-0.024828	0.003065	-0.007034	-0.022995	0.005736	-0.004017	-0.017308	-0.018744	0.016421	-0.028824	-0.026978	-0.029813	-0.010834	-0.013359	
-0.007775	-0.014542	1.101365	-0.016322	-0.018535	-0.033908	-0.016551	-0.009776	-0.007885	-0.020801	-0.022074	-0.018585	0.018569	-0.025144	-0.013505	-0.012559	-0.026344	-0.003397	0.007641	-0.023710	-0.022315	-0.008917	-0.014498	-0.016235	0.013825	-0.016451	0.001147	0.000792	-0.028593	-0.017918	-0.015928	-0.003542	-0.009398	0.008561	-0.017826	0.002149	-0.004148	-0.003614	-0.018124	-0.009436	0.006968	0.011215	-0.001724	-0.016550	-0.008763	0.020444	0.001656	-0.015713	0.006099	-0.017732	-0.020845	-0.016623	-0.010666	0.030547	-0.019034	-0.026272	-0.010218	-0.013690	-0.019303	0.021118	-0.015276	-0.012537	-0.020474	0.001566	0.005681	-0.010710	0.008663	0.007437	-0.011783	0.019263	-0.020298	-0.020140	-0.005616	-0.014734	-0.014645	-0.030389	-0.016294	-0.011207	-0.015299	-0.016328	-0.023708	-0.005428	-0.022213	-0.007977	-0.021864	-0.013752	-0.023588	-0.021833	-0.022099	-0.011401	-0.017967	-0.021441	-0.010442	-0.023500	-0.012041	-0.023184	-0.019268	-0.016412	-0.011401	-0.021785	-0.027117	-0.016153	-0.012248	-0.018825	-0.013464	-0.032674	-0.011852	-0.027538	-0.007564	-0.029335	
-0.000923	-0.005485	-0.016322	0.993474	0.006540	-0.018348	-0.009093	-0.004829	-0.005310	-0.010165	0.000994	-0.012090	-0.030209	0.004589	0.000589	-0.000754	0.000196	-0.007001	-0.018970	0.001566	0.008563	-0.002437	-0.012699	-0.007196	-0.013374	-0.012381	-0.022423	-0.018008	-0.013027	-0.021410	0.010078	-0.009140	-0.008965	-0.023342	-0.000858	-0.019341	0.000891	-0.018808	-0.016209	-0.021139	-0.019344	-0.008390	0.002943	-0.015714	0.036939	-0.021548	-0.025291	-0.002609	-0.016237	-0.019773	-0.012091	-0.012130	-0.014095	-0.032384	0.000692	-0.000117	-0.007368	0.002195	-0.021806	-0.002147	0.074424	-0.005993	-0.015398	-0.021726	-0.023661	-0.012249	-0.011204	-0.010774	-0.022896	0.002404	-0.028142	-0.021687	-0.031982	-0.001373	-0.010175	-0.010019	-0.019061	-0.025199	-0.016073	-0.008270	-0.012857	-0.031077	-0.014981	-0.019118	-0.015925	-0.027734	-0.028613	-0.021721	-0.010384	-0.019586	-0.013582	-0.002938	-0.014663	0.006177	0.005117	-0.008924	-0.012865	-0.003721	-0.019733	-0.020552	-0.005774	-0.005771	-0.017432	-0.009841	0.012548	-0.011970	0.011124	-0.016216	-0.013651	-0.026440	
-0.003732	-0.006263	-0.018535	0.006540	0.940163	-0.005912	-0.001921	0.000558	0.014174	-0.004959	-0.011962	-0.014172	-0.004939	-0.014363	-0.016197	0.050961	-0.013503	0.004583	-0.021665	-0.000923	-0.013206	0.003870	-0.007214	-0.011995	-0.024858	-0.025671	-0.016977	-0.015035	-0.021269	-0.017945	0.012819	-0.023241	-0.006218	-0.023215	-0.010175	-0.027049	-0.028963	-0.003769	-0.007623	-0.016145	-0.024516	-0.025301	0.010896	-0.014912	0.009854	-0.018580	-0.028734	-0.011505	-0.017181	-0.009922	-0.007558	-0.015484	-0.012179	-0.017984	-0.003026	-0.007589	-0.010888	-0.009064	-0.010443	-0.027262	0.001890	-0.009592	-0.029292	-0.005128	-0.012611	0.001900	-0.021190	0.007969	-0.023509	-0.011974	-0.020057	-0.016697	-0.016455	-0.008662	-0.015984	0.002605	-0.009869	-0.029248	-0.033800	-0.010800	0.001499	-0.011880	-0.026566	-0.030794	-0.015819	-0.015960	-0.017577	-0.014685	-0.012252	-0.025446	-0.015887	-0.013920	-0.006585	-0.011999	-0.010274	-0.010118	0.004930	0.006691	-0.011951	-0.004677	-0.003267	-0.007203	-0.015282	-0.008029	0.047894	-0.010275	-0.005616	-0.005965	0.006994	-0.010351	
0.002616	-0.013382	-0.033908	-0.018348	-0.005912	1.066357	-0.001821	0.009964	-0.019396	-0.004443	-0.011314	0.022798	-0.018583	0.072294	-0.001547	-0.011850	0.021848	-0.016915	0.022205	-0.010148	-0.008963	-0.006973	-0.031997	0.004746	-0.024541	-0.019143	-0.013365	0.003359	-0.014678	0.062263	-0.009234	0.039471	-0.021516	-0.020233	-0.012439	-0.001446	-0.018762	-0.022991	-0.029341	-0.029729	-0.026327	-0.007404	-0.016629	0.041964	-0.025557	-0.036261	-0.003470	-0.030339	-0.027731	-0.003660	-0.024611	0.008481	-0.021648	0.008899	-0.005304	-0.000132	-0.034895	-0.026943	-0.029384	-0.028072	-0.011621	-0.003439	0.001722	-0.015217	-0.022997	-0.010144	-0.022824	0.007695	-0.021415	-0.020856	-0.009921	-0.019015	-0.011150	-0.014713	-0.024929	0.016284	-0.013733	-0.002846	0.009218	-0.024333	0.114775	-0.024702	-0.027037	-0.046149	-0.031307	-0.036632	-0.027052	-0.026888	-0.036607	-0.025248	0.016378	-0.003140	-0.002133	-0.022786	0.012211	-0.025345	-0.008688	0.004772	-0.014220	-0.020278	-0.005528	-0.006247	-0.039725	-0.012872	0.013812	-0.027585	-0.012134	-0.015929	-0.019008	-0.025825	
-0.026199	0.006625	-0.016551	-0.009093	-0.001921	-0.001821	1.019550	-0.012414	-0.011010	0.003478	0.001593	0.011201	-0.022591	-0.013823	-0.017897	-0.012796	-0.006079	-0.016414	-0.028361	0.015545	0.000579	0.009640	-0.009522	-0.004380	-0.016059	-0.009843	-0.007056	-0.017539	-0.000226	-0.018116	-0.014058	-0.020344	0.000543	-0.018462	-0.002830	-0.017861	-0.016275	-0.004428	-0.021455	-0.008788	-0.009324	-0.006192	0.000669	-0.032710	0.002652	-0.017567	-0.021091	-0.017225	-0.010916	0.001001	-0.014104	-0.004647	-0.010382	-0.016209	0.000356	0.000130	-0.014304	-0.010532	-0.011777	-0.001701	-0.015301	-0.005074	-0.005619	-0.009861	-0.024625	-0.006958	-0.008469	-0.000725	-0.029988	-0.017552	-0.018264	-0.020381	-0.013986	-0.017425	-0.016268	-0.000627	-0.003134	-0.018995	-0.021604	-0.008180	-0.010769	-0.016293	-0.025696	-0.016105	-0.014876	-0.019821	-0.027114	-0.006972	-0.022889	-0.019977	-0.021201	-0.023257	-0.002888	-0.013789	-0.022290	-0.009394	-0.013662	-0.000886	-0.013621	-0.012750	-0.025114	-0.001110	-0.011034	0.001340	-0.015070	-0.010573	0.016013	-0.016400	0.008064	-0.012952	
-0.006847	-0.008360	-0.009776	-0.004829	0.000558	0.009964	-0.012414	1.000204	0.000164	-0.006065	0.000997	-0.016674	-0.023380	-0.026298	-0.024636	-0.000265	-0.009243	-0.013065	0.011243	-0.005397	0.005139	-0.002105	-0.009150	-0.005343	-0.011423	-0.019455	-0.013731	0.003579	-0.009921	0.014556	-0.005828	0.010504	0.000625	-0.016697	0.000108	-0.014776	-0.020832	-0.020379	-0.008954	-0.015486	-0.020190	-0.023317	0.000060	0.023620	0.001492	-0.026250	-0.013918	-0.017267	-0.021039	-0.010141	-0.011248	-0.000735	-0.002576	-0.016896	0.005597	0.018493	-0.023282	-0.009822	-0.006413	-0.016558	0.019948	-0.008011	-0.020251	-0.015079	-0.005852	-0.015172	-0.013765	0.000692	-0.030838	-0.010793	-0.014257	-0.017669	-0.040239	-0.011936	-0.015412	-0.002108	-0.013412	-0.022713	-0.002225	-0.020333	0.005071	-0.011751	-0.022783	-0.019131	-0.019123	-0.013511	-0.031197	-0.029824	-0.021276	-0.026730	-0.008355	-0.022341	0.012111	-0.008976	0.002458	-0.017903	0.001372	-0.009668	0.008089	-0.023398	-0.016283	-0.012928	-0.020494	-0.022654	0.011448	-0.025300	0.004738	-0.006450	-0.026534	-0.008837	
-0.004078	-0.012123	-0.007885	-0.005310	0.014174	-0.019396	-0.011010	0.000164	0.938612	-0.010805	-0.004069	-0.024274	-0.025723	-0.017436	-0.007655	-0.003406	-0.019885	-0.006671	-0.029378	0.002470	-0.011442	-0.007108	-0.007748	-0.008982	-0.018292	-0.007387	-0.011554	-0.033203	-0.002889	-0.008566	0.003896	-0.025944	-0.003770	-0.007870	0.007860	-0.012986	-0.010637	-0.000625	-0.016144	-0.008896	-0.014848	-0.014507	-0.013943	-0.021311	0.007742	-0.019977	-0.016261	-0.016722	-0.011497	-0.002319	-0.012192	-0.012200	-0.007531	-0.023533	0.000110	0.010245	-0.012796	-0.008857	-0.007296	-0.015297	-0.004579	0.011144	-0.017296	-0.013363	-0.011839	-0.010872	-0.007221	-0.001031	-0.013388	-0.012853	-0.019155	-0.013103	-0.019186	-0.002849	-0.003042	-0.002912	-0.004271	-0.025037	-0.023723	-0.009161	-0.000051	-0.024603	-0.022066	-0.010472	-0.011027	-0.001086	-0.014262	-0.025368	-0.021799	-0.006505	-0.012802	-0.015106	-0.007403	-0.003602	-0.011438	-0.003051	-0.017835	-0.004218	-0.021198	-0.017004	-0.007043	-0.010491	-0.011945	-0.015819	-0.002259	-0.002402	-0.007574	-0.010116	-0.008831	-0.015804	
-0.014329	-0.014424	-0.020801	-0.010165	-0.004959	-0.004443	0.003478	-0.006065	-0.010805	1.000544	-0.001888	0.009230	-0.029980	-0.013440	-0.014977	-0.009125	0.020072	0.005458	-0.017528	-0.011926	0.009048	-0.008732	-0.008951	0.006339	-0.013326	-0.021602	-0.021886	-0.017266	-0.001631	-0.019692	-0.007835	-0.018012	0.025531	-0.025516	-0.014394	-0.017775	-0.023659	-0.004014	-0.015344	-0.013805	-0.018078	-0.008400	-0.022079	0.006257	-0.004935	-0.021920	-0.028445	-0.014892	-0.015549	-0.021762	-0.015180	-0.008035	-0.020407	-0.023510	-0.007347	-0.003265	-0.024987	-0.023108	0.002995	-0.018370	-0.004928	0.011683	-0.011868	-0.008765	-0.020450	0.005960	-0.013360	-0.011435	-0.021263	-0.001741	-0.024136	-0.013767	-0.023723	-0.003222	-0.017784	0.002221	0.011414	-0.018846	-0.030889	-0.010864	-0.012710	-0.007414	-0.010058	-0.018417	-0.022257	-0.021982	-0.019346	-0.004193	-0.015546	-0.014975	-0.020076	-0.002530	-0.014528	0.002435	-0.030926	-0.000031	0.014477	-0.000874	-0.006961	-0.008838	-0.012032	-0.015888	-0.009902	-0.010893	-0.009737	0.001303	-0.005041	-0.006039	-0.011794	-0.003674	
0.000985	-0.003298	-0.022074	0.000994	-0.011962	-0.011314	0.001593	0.000997	-0.004069	-0.001888	1.000994	0.001950	-0.031055	0.018050	-0.002850	-0.008145	0.008418	-0.007416	-0.023475	0.034206	-0.003777	-0.007352	-0.023304	-0.005626	-0.012885	-0.017365	0.000459	-0.017443	0.000510	-0.011441	0.001400	-0.010211	-0.010115	-0.022224	-0.023925	-0.017024	-0.015649	-0.000617	-0.022304	-0.017822	-0.013673	-0.020992	-0.012534	0.042637	-0.013574	-0.015786	-0.010189	-0.005383	-0.016824	0.000356	-0.020093	0.013212	-0.021339	-0.027719	-0.008390	0.006703	-0.020726	0.000534	-0.009187	-0.009786	0.022754	-0.011722	-0.003433	-0.018743	0.004292	-0.014546	-0.023216	-0.004141	-0.023017	-0.015588	-0.031840	-0.020963	-0.032633	-0.021752	-0.019299	0.035921	-0.009299	-0.037876	-0.026767	-0.003728	-0.009552	-0.020009	-0.015051	-0.012842	-0.018955	-0.014046	-0.031206	-0.017654	-0.024402	-0.020157	-0.017893	-0.026775	0.004896	-0.007767	-0.012028	0.005750	-0.010886	0.012714	-0.018652	-0.018108	-0.011301	-0.006305	-0.011582	-0.009028	-0.006194	-0.022394	-0.005413	-0.020891	-0.008183	-0.016286	
0.010433	-0.009124	-0.018585	-0.012090	-0.014172	0.022798	0.011201	-0.016674	-0.024274	0.009230	0.001950	1.291003	0.020592	0.074732	0.019195	-0.005252	0.132645	-0.000963	-0.006789	-0.005876	-0.021576	0.019003	-0.028047	0.038218	-0.023976	-0.023482	-0.014697	-0.028215	-0.008317	-0.017556	-0.019291	-0.019165	0.005354	-0.016232	-0.019374	-0.030883	-0.036587	-0.003233	-0.031631	-0.033310	-0.025446	-0.018054	-0.011996	0.045858	-0.004239	-0.021259	-0.019638	-0.028923	-0.034918	-0.028971	-0.026974	0.003822	-0.044981	-0.031017	-0.019590	-0.014516	-0.036051	-0.020814	-0.013295	-0.016839	-0.005299	0.005928	-0.024260	-0.018695	-0.011140	-0.023719	-0.041589	0.005876	-0.022976	-0.004611	0.003872	-0.005703	-0.026807	-0.015599	-0.013843	0.003266	-0.002350	-0.009015	-0.017484	-0.029562	0.011205	-0.008093	-0.041310	-0.029765	-0.039408	-0.043806	-0.014823	-0.017162	-0.036080	-0.017658	-0.026719	-0.022483	-0.018916	-0.006069	-0.001394	-0.024008	-0.032226	0.001035	-0.028626	-0.034914	-0.014958	-0.005556	-0.028192	-0.023615	-0.008233	-0.025825	0.008664	-0.029156	-0.026429	-0.018209	
-0.011709	-0.006074	0.018569	-0.030209	-0.004939	-0.018583	-0.022591	-0.023380	-0.025723	-0.029980	-0.031055	0.020592	1.165727	0.004191	-0.019754	-0.016236	-0.015873	-0.022291	0.002291	-0.026525	-0.024040	-0.022240	-0.007076	-0.019470	0.016697	-0.022769	0.003699	-0.002994	-0.023770	-0.025908	-0.023863	-0.005511	-0.013409	0.030345	-0.024069	-0.002569	-0.008304	-0.024973	-0.014772	0.001685	0.020163	-0.001729	-0.013692	-0.007659	-0.020789	0.005331	0.029786	-0.011302	-0.017631	-0.038718	-0.015609	-0.027213	-0.020676	0.023856	-0.019298	-0.017702	-0.001689	-0.022976	-0.022195	0.004709	-0.032861	-0.026306	-0.005151	0.009358	-0.002406	-0.025845	-0.000347	-0.015802	-0.006456	0.005387	0.003912	-0.020710	-0.009264	-0.027938	0.034433	-0.023240	-0.031124	-0.018429	-0.006735	-0.013783	-0.029404	-0.001323	-0.015596	-0.012669	-0.013585	-0.001650	-0.012584	-0.006966	-0.018764	-0.016829	-0.008871	-0.020662	-0.011040	-0.024965	-0.019476	-0.018192	-0.014925	-0.024189	-0.018611	-0.013405	-0.023083	-0.018712	-0.024575	-0.025991	-0.030113	-0.026328	-0.032307	-0.020623	-0.013046	-0.008801	
0.048036	0.004719	-0.025144	0.004589	-0.014363	0.072294	-0.013823	-0.026298	-0.017436	-0.013440	0.018050	0.074732	0.004191	1.318933	0.007304	-0.010687	0.025401	0.010100	-0.015808	-0.039068	0.003922	-0.000556	-0.035617	0.048754	-0.018530	-0.021125	-0.008368	-0.052379	-0.013105	-0.026413	-0.026219	-0.018849	-0.019016	-0.016469	-0.018543	-0.029483	-0.032684	0.004290	-0.016597	-0.029905	-0.033370	-0.024850	0.009379	0.012510	-0.017107	-0.033490	-0.041526	-0.032930	-0.025001	-0.009510	-0.019950	-0.001721	-0.044914	-0.036172	-0.008464	-0.007967	-0.028678	0.005900	-0.013894	-0.016833	-0.012226	0.006528	-0.011362	-0.020342	-0.012575	0.007281	-0.015345	0.043007	-0.024766	-0.026920	-0.007762	-0.019307	-0.023528	-0.023530	-0.023952	0.017083	0.013686	-0.029186	-0.020494	-0.039343	0.012374	0.002426	-0.036399	-0.036003	-0.036688	-0.030424	-0.020051	-0.018118	-0.028396	-0.003676	-0.034292	-0.009223	-0.022746	-0.015991	0.026338	-0.025266	-0.020568	-0.014978	-0.043442	-0.019634	0.016647	-0.001291	-0.037897	-0.016360	-0.022679	-0.047164	-0.026483	-0.024208	0.020639	-0.021155	
0.011177	0.099145	-0.013505	0.000589	-0.016197	-0.001547	-0.017897	-0.024636	-0.007655	-0.014977	-0.002850	0.019195	-0.019754	0.007304	1.066529	-0.003748	-0.000586	-0.003501	-0.015160	0.006109	0.012101	-0.022386	-0.010244	-0.022664	-0.014445	-0.020148	0.007925	-0.018623	-0.005495	0.009340	-0.018155	-0.016278	-0.005653	-0.028435	-0.009802	-0.013501	-0.027929	-0.012149	-0.006765	-0.022524	-0.023933	-0.022441	-0.004173	-0.009878	-0.008727	-0.003981	-0.011478	-0.008093	-0.011419	-0.002429	-0.012417	-0.001907	-0.022579	-0.020009	-0.005261	-0.000266	-0.002468	-0.006690	-0.015728	-0.017789	-0.003969	0.007315	-0.009871	-0.007983	-0.004815	-0.008180	-0.005371	0.005465	-0.031799	-0.012801	-0.028194	-0.028997	-0.029108	-0.029898	-0.026848	-0.014953	-0.013145	-0.018467	-0.038996	-0.026916	0.010306	-0.008513	-0.034263	-0.010817	-0.022227	-0.012161	-0.006329	-0.007384	-0.026936	-0.019022	-0.028314	0.005085	0.004753	-0.003075	0.011644	-0.022271	-0.014978	0.014155	-0.017853	-0.019679	-0.007253	0.004087	-0.024816	-0.023643	-0.008001	-0.024577	-0.006645	-0.009969	-0.019474	-0.016632	
-0.006794	-0.023035	-0.012559	-0.000754	0.050961	-0.011850	-0.012796	-0.000265	-0.003406	-0.009125	-0.008145	-0.005252	-0.016236	-0.010687	-0.003748	0.975725	-0.010251	0.010566	-0.024943	-0.010822	-0.006699	-0.002690	-0.019747	-0.015835	-0.018139	-0.002726	-0.011466	-0.027864	-0.008851	-0.004004	0.006984	-0.025691	-0.005632	-0.019260	-0.020858	-0.023260	-0.009744	-0.004749	-0.016961	-0.006494	-0.016172	-0.020087	0.003907	-0.011923	0.009739	-0.009407	-0.023935	-0.020075	-0.001773	-0.006391	-0.014006	-0.008567	-0.003526	-0.024022	0.000540	-0.000357	-0.011614	-0.021973	-0.026797	-0.004079	0.009123	-0.006988	-0.015626	-0.020266	-0.017975	0.003422	-0.025510	-0.007056	-0.012474	-0.018456	-0.012590	-0.022366	-0.024313	-0.013986	-0.012658	-0.018191	-0.009747	-0.021973	-0.030016	-0.012878	0.007455	-0.014876	-0.012282	-0.011241	-0.011012	-0.014809	-0.021561	-0.010231	-0.013786	-0.019996	-0.020276	-0.011546	0.000887	-0.012213	-0.016083	-0.017421	-0.015340	0.008177	-0.016761	-0.018584	-0.013231	-0.005283	-0.015095	-0.004033	0.057867	-0.004462	-0.004880	-0.018272	-0.002864	-0.026738	
0.024507	-0.009217	-0.026344	0.000196	-0.013503	0.021848	-0.006079	-0.009243	-0.019885	0.020072	0.008418	0.132645	-0.015873	0.025401	-0.000586	-0.010251	1.005750	0.014433	-0.024942	0.012241	0.000852	0.004858	-0.031925	0.056173	-0.023101	-0.022742	-0.006877	-0.014496	-0.024260	-0.000297	-0.022976	-0.019503	-0.001541	-0.024012	-0.008776	-0.013067	-0.018396	-0.015697	-0.029964	-0.011599	-0.017061	-0.006632	-0.013592	0.038840	-0.004001	-0.012112	-0.016718	-0.020852	-0.022091	-0.010085	-0.022817	0.004239	-0.031680	-0.024368	0.005193	-0.003297	-0.015478	-0.007802	0.003853	-0.017029	-0.007651	0.008780	-0.014934	-0.011700	-0.008838	-0.007596	-0.007358	-0.015864	-0.045272	-0.013472	-0.008856	-0.024444	-0.021820	-0.020952	-0.024067	0.035168	-0.017646	-0.042245	-0.038357	-0.019382	0.006937	-0.019235	-0.017381	-0.029054	-0.023456	-0.024304	-0.026256	-0.017551	-0.031112	-0.012872	-0.031817	-0.023360	-0.015737	-0.010134	-0.006430	-0.014503	-0.024786	0.025445	-0.020565	-0.023824	0.001854	0.000837	-0.030578	-0.019918	0.001533	-0.027935	-0.008745	-0.027187	0.002566	-0.008336	
-0.008083	-0.019431	-0.003397	-0.007001	0.004583	-0.016915	-0.016414	-0.013065	-0.006671	0.005458	-0.007416	-0.000963	-0.022291	0.010100	-0.003501	0.010566	0.014433	0.960384	-0.032030	0.010006	-0.015394	0.007405	-0.014210	0.004672	-0.017384	-0.011802	-0.014467	-0.022067	0.008097	-0.007810	0.000540	-0.010851	0.006853	-0.022107	-0.015944	-0.019769	-0.018444	-0.001031	-0.015341	-0.017194	-0.002570	-0.025397	-0.006215	-0.003168	-0.004286	-0.010942	-0.019134	-0.010816	-0.009611	-0.010447	-0.009430	0.003601	-0.021066	-0.030216	-0.003209	-0.001145	-0.017389	-0.008668	-0.025287	-0.019436	-0.013301	-0.006169	-0.007072	-0.021871	-0.012890	0.013250	-0.015259	0.040763	-0.012381	-0.013847	-0.028558	-0.029062	-0.017102	-0.011848	-0.008364	0.014899	0.006882	-0.030137	-0.027794	-0.008091	0.003255	-0.025727	-0.025535	-0.029618	-0.029441	-0.007788	-0.021114	-0.018699	-0.023408	-0.026163	-0.010611	-0.019275	0.005251	-0.017399	-0.015065	0.001059	-0.016101	0.004936	-0.024184	-0.012569	-0.000953	0.002234	-0.007641	-0.005234	-0.003626	-0.019473	-0.010008	-0.011979	0.001810	-0.019051	
-0.032805	-0.021291	0.007641	-0.018970	-0.021665	0.022205	-0.028361	0.011243	-0.029378	-0.017528	-0.023475	-0.006789	0.002291	-0.015808	-0.015160	-0.024943	-0.024942	-0.032030	1.066474	-0.033349	-0.025582	-0.015716	-0.012303	-0.019850	0.006041	-0.021292	-0.018850	0.030097	-0.009953	0.017274	-0.022107	0.030286	-0.036023	0.127901	-0.023096	0.034076	-0.012790	-0.021530	-0.024920	-0.025842	-0.007460	-0.005673	-0.020436	0.005533	-0.028099	0.009564	0.007458	0.006159	-0.013812	-0.027139	-0.025464	-0.022999	-0.008937	0.030510	-0.022494	-0.026144	-0.014484	-0.001121	-0.010921	0.012859	-0.020818	-0.017002	0.000809	-0.016651	-0.007009	-0.004599	0.005463	-0.017854	-0.006522	-0.015809	0.000602	-0.018533	-0.020598	-0.026628	0.006170	-0.016008	-0.019249	0.014592	0.012932	-0.011968	-0.023879	0.020080	-0.007149	-0.033296	-0.009733	-0.018098	0.002828	0.006780	-0.020213	-0.014520	-0.007721	-0.011206	0.003161	-0.022132	-0.000443	-0.014687	-0.004327	-0.038470	-0.000284	-0.025185	-0.032962	-0.010719	-0.023894	-0.026512	-0.025837	-0.026855	-0.021961	-0.030189	-0.028494	-0.011814	
-0.013159	0.001234	-0.023710	0.001566	-0.000923	-0.010148	0.015545	-0.005397	0.002470	-0.011926	0.034206	-0.005876	-0.026525	-0.039068	0.006109	-0.010822	0.012241	0.010006	-0.033349	0.966526	-0.000880	-0.004207	-0.028412	0.012243	-0.016314	-0.015199	-0.017945	-0.024002	0.001422	-0.010019	-0.002651	-0.013192	-0.003283	-0.002717	-0.002068	-0.029802	-0.006804	0.011211	-0.016304	-0.019232	-0.006835	-0.010543	-0.022728	-0.004205	0.003051	-0.015328	-0.017205	-0.007691	-0.006577	0.010104	-0.020995	-0.010711	-0.020330	-0.020317	-0.001854	-0.017493	-0.018330	-0.019531	-0.020035	-0.029438	0.011510	0.009272	-0.010755	-0.020978	-0.020759	-0.000234	-0.006622	0.020640	-0.028340	-0.012494	-0.033099	-0.026911	-0.026994	-0.022510	-0.017139	0.056859	-0.008354	-0.039923	-0.037101	-0.012621	0.004203	-0.024523	-0.017943	-0.010289	-0.013399	-0.011405	-0.033209	-0.025681	-0.037818	-0.026872	-0.026368	-0.019468	-0.010406	-0.000626	-0.013871	-0.009782	-0.034013	0.035088	-0.017914	-0.016917	0.000419	-0.008540	-0.016408	-0.011685	-0.007119	-0.006505	0.003724	-0.011397	-0.012725	-0.013056	
0.005642	-0.014422	-0.022315	0.008563	-0.013206	-0.008963	0.000579	0.005139	-0.011442	0.009048	-0.003777	-0.021576	-0.024040	0.003922	0.012101	-0.006699	0.000852	-0.015394	-0.025582	-0.000880	0.981871	0.000118	-0.000660	0.002797	-0.016744	-0.016417	-0.000512	-0.018358	0.003798	-0.007956	-0.007367	-0.019592	0.008031	-0.030202	0.004523	-0.020509	-0.023190	0.011265	-0.006096	-0.018867	-0.018135	-0.009304	-0.007807	-0.007801	-0.021325	-0.005607	-0.018013	-0.014448	-0.017414	-0.003793	-0.007354	0.009066	-0.007887	-0.028728	0.003088	-0.019126	-0.011695	-0.013903	-0.011861	-0.006799	0.001819	0.008825	-0.002089	-0.012197	-0.018427	-0.007427	-0.017836	0.000414	-0.026722	-0.017463	-0.017106	-0.017976	-0.019233	-0.000926	-0.015825	-0.010558	0.016246	-0.021187	-0.021597	-0.015048	-0.016289	-0.018560	-0.019263	-0.026679	-0.016932	-0.014694	-0.006684	-0.016555	-0.024782	-0.022054	-0.013066	-0.008347	-0.015757	0.001229	-0.013327	-0.014535	-0.012544	0.005753	-0.016705	-0.008401	-0.000934	-0.017984	-0.012962	-0.019297	-0.015018	-0.007345	0.006839	-0.019800	-0.020298	-0.010471	
-0.002420	0.001113	-0.008917	-0.002437	0.003870	-0.006973	0.009640	-0.002105	-0.007108	-0.008732	-0.007352	0.019003	-0.022240	-0.000556	-0.022386	-0.002690	0.004858	0.007405	-0.015716	-0.004207	0.000118	1.017169	-0.016256	0.009478	-0.000128	-0.001576	-0.002105	-0.020905	0.010188	-0.005900	-0.011942	-0.022210	-0.006680	-0.017496	-0.002620	-0.009543	-0.025352	-0.005282	0.008006	-0.010045	-0.017700	-0.022931	-0.006311	-0.008027	-0.012042	-0.017449	-0.003151	0.003362	-0.025074	-0.007321	-0.011321	-0.010212	-0.007584	-0.026727	-0.008199	-0.002578	-0.011292	-0.009500	-0.011889	-0.022035	0.019467	-0.004031	-0.014744	-0.007297	-0.000181	-0.002600	-0.012247	-0.013605	-0.033302	-0.016485	-0.009813	-0.027368	-0.021101	-0.015690	-0.023984	-0.025376	-0.011654	-0.036541	-0.023985	-0.008420	-0.016844	-0.015465	-0.027449	-0.021414	-0.020717	-0.014124	-0.025274	-0.019270	-0.030868	-0.020528	-0.008585	-0.014673	-0.018023	0.008389	-0.025712	-0.006873	-0.006843	-0.018282	-0.018380	-0.026792	-0.006663	0.003348	-0.012858	-0.009344	-0.008958	-0.019471	0.009969	0.002834	-0.005612	-0.005773	
-0.029383	-0.005135	-0.014498	-0.012699	-0.007214	-0.031997	-0.009522	-0.009150	-0.007748	-0.008951	-0.023304	-0.028047	-0.007076	-0.035617	-0.010244	-0.019747	-0.031925	-0.014210	-0.012303	-0.028412	-0.000660	-0.016256	0.925419	-0.012336	-0.011043	-0.014479	-0.008643	-0.020467	-0.016688	-0.008248	0.002464	-0.017896	-0.009208	-0.024310	-0.001844	-0.024566	-0.006253	-0.010651	0.070561	-0.018496	-0.004622	-0.021018	-0.005251	-0.030480	-0.013499	-0.020101	-0.026553	-0.024154	-0.018557	-0.015631	0.133361	-0.012955	-0.009424	-0.019882	-0.013457	-0.013610	-0.011450	-0.015573	-0.019630	-0.006903	-0.013048	-0.008509	-0.009642	-0.019204	-0.010599	-0.012345	-0.021399	-0.009028	-0.020253	-0.024998	-0.031207	-0.020681	-0.020559	0.038351	-0.003027	-0.017042	-0.021061	-0.043722	-0.042354	0.028884	-0.018126	-0.026938	-0.027578	-0.029407	-0.023849	-0.013620	-0.026322	-0.031244	-0.028147	-0.033451	0.006714	0.023223	0.000157	-0.004196	-0.022480	0.009181	0.000671	-0.021215	0.011652	0.015990	-0.000960	-0.010989	0.010787	0.012372	-0.019932	0.022988	-0.006208	0.012147	-0.012411	0.022766	
-0.005379	-0.019319	-0.016235	-0.007196	-0.011995	0.004746	-0.004380	-0.005343	-0.008982	0.006339	-0.005626	0.038218	-0.019470	0.048754	-0.022664	-0.015835	0.056173	0.004672	-0.019850	0.012243	0.002797	0.009478	-0.012336	0.993493	-0.021520	-0.017640	0.006532	-0.019964	-0.005548	-0.015449	-0.001517	-0.011774	0.008396	-0.012012	-0.012812	-0.030135	-0.010249	0.005767	-0.011832	-0.007291	-0.018963	-0.003378	-0.013096	0.014396	-0.002466	-0.020020	-0.019460	0.004654	-0.012411	-0.003225	-0.023949	-0.010967	-0.012490	-0.028453	-0.009531	-0.006422	-0.022428	0.004071	-0.015368	-0.012649	-0.021407	0.004555	-0.004917	-0.012539	-0.006881	-0.012926	-0.019931	0.014464	-0.024258	-0.011138	-0.024661	-0.020760	-0.026795	-0.016247	-0.011405	0.013940	-0.011775	-0.046917	-0.036655	-0.021134	-0.003501	0.003840	-0.024170	-0.020826	-0.022141	-0.022583	-0.032481	-0.034539	-0.027086	-0.033974	-0.013471	-0.022771	-0.020472	-0.005595	-0.015817	-0.015034	-0.004280	0.004917	-0.019515	-0.013135	0.007591	-0.003817	-0.019065	-0.009969	-0.001905	-0.010511	0.001229	-0.028382	-0.010023	-0.006958	
-0.009422	0.000969	0.013825	-0.013374	-0.024858	-0.024541	-0.016059	-0.011423	-0.018292	-0.013326	-0.012885	-0.023976	0.016697	-0.018530	-0.014445	-0.018139	-0.023101	-0.017384	0.006041	-0.016314	-0.016744	-0.000128	-0.011043	-0.021520	0.998341	-0.020615	-0.003767	0.003335	-0.032585	-0.013041	-0.010348	-0.019648	-0.013502	0.013162	-0.013110	0.000668	-0.002301	-0.016743	-0.014238	-0.021197	0.019983	0.005425	-0.008285	-0.032486	-0.012072	0.004636	-0.009374	-0.014042	-0.020862	-0.016943	-0.002927	-0.023579	-0.021036	0.021686	-0.019565	-0.014279	0.006973	-0.024471	-0.003658	0.015380	-0.019609	-0.009230	-0.015375	-0.000670	0.010666	-0.021016	0.004195	-0.017748	0.004455	-0.008327	-0.021519	-0.022426	-0.008022	-0.025333	-0.001057	-0.021332	-0.026847	-0.029861	-0.020755	-0.006785	-0.017227	0.004748	0.000938	-0.014755	-0.013260	-0.003753	-0.018700	-0.013803	-0.000191	0.011287	-0.010166	-0.009158	-0.024497	-0.016153	-0.013382	-0.018608	-0.018195	-0.009590	-0.016542	0.000240	-0.016151	-0.009246	0.001596	-0.007558	-0.014986	-0.006090	-0.016182	-0.003266	-0.014116	-0.004177	
-0.025007	-0.024208	-0.016451	-0.012381	-0.025671	-0.019143	-0.009843	-0.019455	-0.007387	-0.021602	-0.017365	-0.023482	-0.022769	-0.021125	-0.020148	-0.002726	-0.022742	-0.011802	-0.021292	-0.015199	-0.016417	-0.001576	-0.014479	-0.017640	-0.020615	0.952314	-0.011237	-0.010085	-0.018670	-0.015631	-0.001394	-0.012207	-0.007010	-0.015279	-0.006393	-0.014133	0.000769	-0.007369	0.000999	0.089070	-0.006437	-0.016570	-0.003470	-0.033506	-0.015587	-0.008579	-0.022378	0.017459	-0.005659	-0.005134	-0.006047	-0.022110	0.112158	-0.004858	-0.012100	-0.010625	-0.011445	0.010258	-0.006491	-0.006942	-0.016362	-0.005190	-0.011141	-0.004400	-0.029832	-0.035578	-0.015782	-0.024418	-0.006664	-0.003205	-0.020804	-0.009606	-0.018330	-0.027486	-0.012518	-0.027993	-0.003823	-0.011166	-0.030178	-0.008973	-0.012667	-0.013376	-0.011580	-0.017297	-0.011768	-0.011802	-0.021483	-0.026021	-0.017661	-0.002792	-0.001952	-0.015138	-0.018815	0.000410	-0.011245	-0.005663	-0.009353	-0.014624	-0.019082	-0.002412	-0.005024	-0.011636	-0.008638	-0.010490	-0.001056	-0.014583	-0.010035	-0.004947	-0.011596	-0.010549	
-0.019878	-0.002248	0.001147	-0.022423	-0.016977	-0.013365	-0.007056	-0.013731	-0.011554	-0.021886	0.000459	-0.014697	0.003699	-0.008368	0.007925	-0.011466	-0.006877	-0.014467	-0.018850	-0.017945	-0.000512	-0.002105	-0.008643	0.006532	-0.003767	-0.011237	0.997700	-0.013802	-0.014846	0.001724	-0.015109	-0.007412	-0.008943	-0.004772	-0.001835	0.000941	-0.005620	-0.011582	-0.004336	-0.021638	-0.021524	-0.017940	-0.006936	-0.019092	-0.015458	-0.009618	-0.009934	-0.007457	-0.007584	-0.012525	-0.010227	-0.010877	-0.002906	-0.013165	-0.010207	-0.018196	-0.011566	0.008210	-0.007906	0.010686	-0.001064	-0.010328	-0.021183	-0.002735	-0.013985	-0.015414	-0.007602	-0.015621	-0.015111	-0.003190	0.000473	-0.026873	-0.022185	-0.017735	-0.011101	-0.011228	-0.004325	-0.027570	-0.023703	-0.019093	-0.019156	-0.011465	-0.001561	-0.009537	-0.021315	-0.015149	-0.003304	-0.009463	-0.015901	-0.002070	-0.026739	-0.002537	-0.000806	-0.006730	-0.013203	-0.015311	-0.023535	-0.020748	-0.006459	-0.009238	-0.004964	0.003683	-0.024302	-0.011221	-0.011659	-0.012373	-0.002438	-0.010784	-0.008616	-0.015384	
-0.043190	-0.012584	0.000792	-0.018008	-0.015035	0.003359	-0.017539	0.003579	-0.033203	-0.017266	-0.017443	-0.028215	-0.002994	-0.052379	-0.018623	-0.027864	-0.014496	-0.022067	0.030097	-0.024002	-0.018358	-0.020905	-0.020467	-0.019964	0.003335	-0.010085	-0.013802	1.005758	-0.024821	-0.004688	-0.028627	-0.001316	-0.024034	0.016041	-0.019200	0.017060	-0.004346	-0.019389	-0.019682	-0.017665	-0.006935	-0.010650	-0.021287	-0.008110	-0.019079	0.010476	0.028233	0.001807	-0.016464	-0.012152	-0.019467	-0.006420	-0.017053	0.026776	-0.008805	-0.008649	0.002437	-0.014141	-0.014722	0.006163	-0.023222	-0.011383	-0.015196	-0.005371	-0.008615	-0.013260	0.004161	-0.019187	-0.011150	0.005232	0.003937	0.003751	-0.007695	-0.018519	-0.000354	-0.016871	-0.010668	0.011221	0.017703	-0.020050	-0.019673	0.015721	-0.006530	0.006400	-0.011710	-0.000900	-0.011200	0.000110	0.001358	-0.004044	0.003562	-0.036070	-0.020207	-0.021412	-0.006895	-0.015163	0.003363	-0.025301	-0.001415	-0.015834	-0.015090	-0.022107	-0.016825	-0.026124	-0.012876	-0.019897	-0.020777	-0.019438	-0.017793	-0.034108	
-0.005038	-0.011527	-0.028593	-0.013027	-0.021269	-0.014678	-0.000226	-0.009921	-0.002889	-0.001631	0.000510	-0.008317	-0.023770	-0.013105	-0.005495	-0.008851	-0.024260	0.008097	-0.009953	0.001422	0.003798	0.010188	-0.016688	-0.005548	-0.032585	-0.018670	-0.014846	-0.024821	0.969522	-0.021401	-0.008809	-0.028928	0.001933	-0.013130	0.003998	-0.020769	-0.016783	-0.009235	-0.017648	-0.022067	-0.014432	-0.008893	-0.004850	-0.011371	-0.013542	-0.013977	-0.010600	-0.019319	-0.012825	0.011733	-0.008659	-0.005409	-0.013804	-0.021311	-0.006212	-0.011313	-0.014845	-0.018473	-0.016556	-0.025540	-0.018589	-0.001772	-0.013088	-0.004258	-0.008164	0.148921	0.000944	-0.007893	-0.014469	-0.013132	-0.012229	-0.024716	-0.022044	-0.002374	-0.017935	-0.005381	0.003485	-0.027758	-0.027971	-0.011782	-0.006904	-0.002727	-0.022332	-0.012156	-0.019869	-0.003654	-0.028066	-0.013783	-0.014063	-0.003984	-0.008473	-0.019645	-0.014589	-0.011735	-0.000082	-0.010685	-0.020924	-0.022681	-0.017755	-0.013705	-0.014198	0.005762	-0.009265	0.003786	-0.015581	-0.014264	-0.008736	0.000905	-0.005360	-0.021728	
-0.015827	-0.017694	-0.017918	-0.021410	-0.017945	0.062263	-0.018116	0.014556	-0.008566	-0.019692	-0.011441	-0.017556	-0.025908	-0.026413	0.009340	-0.004004	-0.000297	-0.007810	0.017274	-0.010019	-0.007956	-0.005900	-0.008248	-0.015449	-0.013041	-0.015631	0.001724	-0.004688	-0.021401	0.994888	-0.001614	-0.002281	-0.023049	-0.028848	-0.020971	-0.003021	-0.012983	-0.018933	-0.012628	-0.025651	-0.012709	-0.021401	-0.008385	0.028002	-0.021616	-0.014726	0.003243	-0.011876	-0.020581	0.002711	-0.007952	0.001036	-0.014812	0.017235	-0.007232	-0.005432	-0.012733	-0.010601	-0.017131	-0.022713	-0.004010	-0.012398	0.003963	-0.012550	-0.009485	-0.009198	-0.014040	-0.019191	-0.019725	-0.020629	0.002544	-0.031738	-0.026830	-0.033813	-0.008238	-0.012997	-0.013959	0.001307	-0.001509	-0.013815	0.007287	-0.019701	-0.020350	-0.025215	-0.015184	-0.020881	-0.014319	-0.008275	-0.017574	-0.021738	0.000578	-0.024525	-0.009983	-0.005211	0.011813	-0.010319	0.000064	-0.014730	0.015461	-0.021573	0.007107	-0.005186	-0.011668	0.003779	0.011211	-0.022195	-0.012045	-0.012976	-0.006564	-0.012716	
-0.017693	-0.013896	-0.015928	0.010078	0.012819	-0.009234	-0.014058	-0.005828	0.003896	-0.007835	0.001400	-0.019291	-0.023863	-0.026219	-0.018155	0.006984	-0.022976	0.000540	-0.022107	-0.002651	-0.007367	-0.011942	0.002464	-0.001517	-0.010348	-0.001394	-0.015109	-0.028627	-0.008809	-0.001614	0.933581	-0.048466	-0.009146	-0.013631	0.003245	-0.019763	-0.017867	-0.013696	-0.009904	-0.002045	-0.018630	-0.010733	0.011705	-0.028753	0.013721	-0.013875	-0.011948	-0.015226	-0.011567	-0.003290	-0.003521	-0.017990	-0.001864	-0.024298	-0.011698	-0.022774	-0.006647	-0.016687	-0.004772	-0.013839	-0.006199	-0.026418	-0.016747	-0.014484	-0.015380	-0.002117	-0.011285	0.002561	-0.024134	-0.015467	-0.015343	-0.022301	-0.018211	-0.010504	-0.026331	-0.008093	-0.022529	-0.023448	-0.026986	-0.004535	0.004347	-0.014647	-0.011765	-0.015358	-0.016202	-0.014128	-0.018697	-0.033832	-0.017571	-0.022658	-0.012013	-0.008780	-0.007442	0.007883	-0.017054	-0.000813	-0.016726	0.009802	0.005323	-0.010679	0.009650	-0.014003	-0.004683	-0.007741	0.015772	0.006016	-0.004331	-0.009105	0.004939	-0.015887	
-0.004320	-0.013688	-0.003542	-0.009140	-0.023241	0.039471	-0.020344	0.010504	-0.025944	-0.018012	-0.010211	-0.019165	-0.005511	-0.018849	-0.016278	-0.025691	-0.019503	-0.010851	0.030286	-0.013192	-0.019592	-0.022210	-0.017896	-0.011774	-0.019648	-0.012207	-0.007412	-0.001316	-0.028928	-0.002281	-0.048466	1.073603	-0.007252	-0.003611	-0.013230	0.009021	-0.009130	-0.029315	-0.026623	-0.015957	-0.000813	-0.023241	-0.019874	0.029091	-0.028391	-0.020239	0.014448	-0.006264	-0.013855	-0.016361	-0.021766	-0.005986	-0.002898	0.038079	-0.022888	-0.023354	0.001377	-0.004944	0.003355	-0.004554	-0.007579	-0.004087	0.097806	-0.010918	0.017397	-0.013389	0.002558	-0.015769	-0.017564	-0.013085	0.004898	-0.033415	-0.004975	-0.012517	-0.015119	-0.022450	-0.029996	-0.005238	0.029729	-0.017922	-0.009768	-0.031275	-0.015617	-0.016543	-0.031342	-0.008007	0.000759	-0.013692	-0.021583	-0.012563	0.001956	-0.008848	-0.016946	-0.021877	0.004009	-0.019491	-0.005521	-0.021676	-0.004729	-0.010677	-0.019559	-0.024044	-0.027955	-0.011859	-0.016137	-0.033105	-0.005800	-0.020991	-0.005171	-0.027192	
-0.007480	0.000219	-0.009398	-0.008965	-0.006218	-0.021516	0.000543	0.000625	-0.003770	0.025531	-0.010115	0.005354	-0.013409	-0.019016	-0.005653	-0.005632	-0.001541	0.006853	-0.036023	-0.003283	0.008031	-0.006680	-0.009208	0.008396	-0.013502	-0.007010	-0.008943	-0.024034	0.001933	-0.023049	-0.009146	-0.007252	0.990775	-0.022104	0.005873	-0.018023	-0.007897	0.006834	-0.019084	-0.011204	-0.004554	-0.015911	-0.003777	-0.005296	-0.019741	-0.009382	-0.030670	-0.010876	-0.014965	-0.010311	-0.013686	-0.008454	-0.015807	-0.027073	-0.012137	-0.007854	-0.020949	-0.002557	-0.023151	-0.007686	-0.017890	0.002491	0.000980	-0.026539	-0.006861	0.011528	-0.003972	0.028407	-0.015443	-0.019334	-0.016817	-0.017084	-0.034221	-0.009335	-0.021503	0.008844	0.007565	-0.005497	-0.025344	-0.019668	-0.008106	-0.022410	-0.012504	-0.015991	-0.017182	-0.031108	-0.024864	-0.019555	-0.027020	-0.017787	-0.020532	-0.016678	-0.010482	-0.013542	-0.005380	-0.016108	-0.017965	-0.002674	-0.016351	-0.016224	-0.005375	-0.014199	-0.012522	-0.010473	0.004079	-0.012393	0.000525	-0.008779	-0.006367	0.004913	
-0.023183	-0.030918	0.008561	-0.023342	-0.023215	-0.020233	-0.018462	-0.016697	-0.007870	-0.025516	-0.022224	-0.016232	0.030345	-0.016469	-0.028435	-0.019260	-0.024012	-0.022107	0.127901	-0.002717	-0.030202	-0.017496	-0.024310	-0.012012	0.013162	-0.015279	-0.004772	0.016041	-0.013130	-0.028848	-0.013631	-0.003611	-0.022104	1.006747	-0.014054	0.019285	-0.000280	-0.015780	-0.022470	0.001005	-0.007349	0.007864	-0.014861	-0.025558	-0.008004	0.009935	0.005482	-0.009388	-0.005570	-0.010476	-0.020343	-0.028203	-0.014001	0.004459	-0.010555	-0.008171	-0.003920	-0.015248	-0.000229	0.001889	-0.013897	-0.019240	-0.003780	-0.000619	0.003413	-0.026025	0.000910	-0.008335	0.005549	0.004112	0.001807	-0.018353	-0.020240	-0.027413	0.014402	-0.018246	-0.016181	-0.018954	-0.030860	-0.015891	-0.026015	0.006708	-0.013742	-0.014114	-0.009754	-0.007588	-0.010855	-0.006875	-0.014757	-0.002678	-0.015131	-0.026465	-0.010694	-0.017910	-0.023379	-0.018152	-0.011097	-0.021816	-0.010388	-0.022618	-0.013685	-0.011981	-0.020131	-0.030892	-0.021296	-0.020668	-0.023362	-0.016329	-0.011482	-0.008263	
0.007764	-0.016535	-0.017826	-0.000858	-0.010175	-0.012439	-0.002830	0.000108	0.007860	-0.014394	-0.023925	-0.019374	-0.024069	-0.018543	-0.009802	-0.020858	-0.008776	-0.015944	-0.023096	-0.002068	0.004523	-0.002620	-0.001844	-0.012812	-0.013110	-0.006393	-0.001835	-0.019200	0.003998	-0.020971	0.003245	-0.013230	0.005873	-0.014054	0.963778	-0.010809	-0.018173	0.002589	-0.006919	-0.006927	-0.007160	0.001576	-0.015282	-0.014665	0.004783	-0.003861	-0.004279	-0.010041	-0.020065	0.002026	-0.011519	0.004285	-0.020699	-0.020869	-0.000936	-0.005476	-0.013071	-0.021139	0.000475	-0.014499	0.004395	0.000563	-0.026436	-0.007609	-0.023663	0.004271	-0.013897	-0.009567	-0.014754	-0.020336	-0.021057	-0.019268	-0.024905	-0.016318	-0.021591	-0.009871	-0.007541	-0.033934	-0.038883	-0.015061	-0.010996	-0.014697	-0.010225	-0.017602	-0.013728	-0.010574	-0.017374	-0.027728	-0.018773	-0.008142	-0.016220	-0.007335	-0.007817	-0.016817	-0.004420	-0.008581	-0.014532	-0.001959	-0.012588	0.000892	-0.017377	-0.014543	-0.006529	-0.008954	-0.021929	-0.004252	0.013900	-0.011454	-0.014574	-0.007661	
-0.020975	-0.019948	0.002149	-0.019341	-0.027049	-0.001446	-0.017861	-0.014776	-0.012986	-0.017775	-0.017024	-0.030883	-0.002569	-0.029483	-0.013501	-0.023260	-0.013067	-0.019769	0.034076	-0.029802	-0.020509	-0.009543	-0.024566	-0.030135	0.000668	-0.014133	0.000941	0.017060	-0.020769	-0.003021	-0.019763	0.009021	-0.018023	0.019285	-0.010809	1.009170	-0.011067	-0.006483	-0.017963	-0.015983	0.008315	-0.003189	-0.016186	-0.011315	-0.016828	0.051587	0.011946	-0.002362	0.001167	-0.025452	-0.021686	-0.014953	-0.015508	0.040787	-0.019112	-0.023388	-0.008180	-0.006085	0.004145	0.004615	-0.008328	-0.003621	0.002035	0.016703	-0.012942	-0.015170	0.000044	-0.016661	-0.018564	0.008261	-0.007386	-0.021180	-0.014316	-0.018988	0.005159	-0.023784	-0.015823	-0.011379	-0.010686	-0.015610	-0.007940	-0.003641	-0.006403	-0.021782	-0.007608	0.002531	-0.003036	-0.023190	-0.008125	-0.008420	-0.000089	-0.021888	-0.008714	-0.012004	-0.013172	-0.027924	-0.002294	-0.019497	-0.009522	-0.030802	-0.034596	-0.018499	-0.017524	-0.026081	-0.017361	-0.018092	-0.008368	-0.018688	-0.015500	-0.032256	
