0.873156	-0.061781	-0.039107	-0.003335	-0.083844	0.014394	0.012934	-0.061287	-0.055312	-0.058460	-0.047084	-0.087933	-0.103111	-0.080008	-0.098832	-0.072557	-0.088521	-0.080628	-0.069165	
-0.061781	0.969964	-0.069345	-0.081871	-0.056992	-0.055210	-0.074416	-0.024395	-0.060304	0.035627	-0.046055	-0.090990	-0.084824	-0.091463	-0.086503	-0.075467	-0.078496	-0.073023	-0.073895	
-0.039107	-0.069345	0.938693	-0.048864	-0.062875	-0.055851	-0.026245	-0.064895	-0.057336	-0.080215	-0.055591	-0.066328	-0.072053	-0.076961	-0.062323	-0.069396	-0.073632	-0.057096	-0.055868	
-0.003335	-0.081871	-0.048864	0.951314	-0.056633	0.009519	0.018832	-0.073644	-0.049202	-0.073505	-0.029078	-0.095857	-0.086261	-0.095610	-0.100513	-0.093869	-0.092569	-0.085104	-0.080458	
-0.083844	-0.056992	-0.062875	-0.056633	0.972796	-0.060554	-0.063834	0.004622	-0.021397	-0.041283	-0.017785	-0.077632	-0.086591	-0.077839	-0.078700	-0.079965	-0.093733	-0.089289	-0.077482	
0.014394	-0.055210	-0.055851	0.009519	-0.060554	0.922941	-0.004814	-0.085873	-0.040893	-0.049825	-0.048248	-0.096181	-0.089091	-0.109245	-0.103457	-0.094375	-0.080841	-0.066222	-0.067929	
0.012934	-0.074416	-0.026245	0.018832	-0.063834	-0.004814	0.931337	-0.069314	-0.042662	-0.068802	-0.043910	-0.104043	-0.116501	-0.094014	-0.107199	-0.093051	-0.096952	-0.085083	-0.063454	
-0.061287	-0.024395	-0.064895	-0.073644	0.004622	-0.085873	-0.069314	0.917767	-0.016959	-0.051362	-0.031064	-0.078726	-0.077940	-0.072564	-0.096281	-0.066468	-0.079634	-0.065610	-0.077148	
-0.055312	-0.060304	-0.057336	-0.049202	-0.021397	-0.040893	-0.042662	-0.016959	0.944714	-0.036045	0.045369	-0.101542	-0.091438	-0.104574	-0.107556	-0.085236	-0.100158	-0.097425	-0.080970	
-0.058460	0.035627	-0.080215	-0.073505	-0.041283	-0.049825	-0.068802	-0.051362	-0.036045	0.991312	-0.040741	-0.079673	-0.103644	-0.103592	-0.093823	-0.080981	-0.087095	-0.078914	-0.085472	
-0.047084	-0.046055	-0.055591	-0.029078	-0.017785	-0.048248	-0.043910	-0.031064	0.045369	-0.040741	0.960675	-0.095539	-0.112152	-0.082906	-0.110113	-0.099037	-0.097293	-0.097545	-0.104607	
-0.087933	-0.090990	-0.066328	-0.095857	-0.077632	-0.096181	-0.104043	-0.078726	-0.101542	-0.079673	-0.095539	1.081550	-0.037178	-0.043428	-0.018406	-0.026429	-0.032693	-0.037610	-0.027727	
-0.103111	-0.084824	-0.072053	-0.086261	-0.086591	-0.089091	-0.116501	-0.077940	-0.091438	-0.103644	-0.112152	-0.037178	1.210926	-0.036004	-0.025146	-0.050361	-0.009404	-0.043206	-0.063637	
-0.080008	-0.091463	-0.076961	-0.095610	-0.077839	-0.109245	-0.094014	-0.072564	-0.104574	-0.103592	-0.082906	-0.043428	-0.036004	1.068538	0.095339	-0.030177	-0.021692	-0.047887	-0.053740	
-0.098832	-0.086503	-0.062323	-0.100513	-0.078700	-0.103457	-0.107199	-0.096281	-0.107556	-0.093823	-0.110113	-0.018406	-0.025146	0.095339	1.101912	-0.049698	-0.038679	-0.025740	-0.050819	
-0.072557	-0.075467	-0.069396	-0.093869	-0.079965	-0.094375	-0.093051	-0.066468	-0.085236	-0.080981	-0.099037	-0.026429	-0.050361	-0.030177	-0.049698	1.063375	-0.034497	-0.045722	-0.046847	
-0.088521	-0.078496	-0.073632	-0.092569	-0.093733	-0.080841	-0.096952	-0.079634	-0.100158	-0.087095	-0.097293	-0.032693	-0.009404	-0.021692	-0.038679	-0.034497	1.111839	-0.019971	-0.039527	
-0.080628	-0.073023	-0.057096	-0.085104	-0.089289	-0.066222	-0.085083	-0.065610	-0.097425	-0.078914	-0.097545	-0.037610	-0.043206	-0.047887	-0.025740	-0.045722	-0.019971	1.071400	-0.048685	
-0.069165	-0.073895	-0.055868	-0.080458	-0.077482	-0.067929	-0.063454	-0.077148	-0.080970	-0.085472	-0.104607	-0.027727	-0.063637	-0.053740	-0.050819	-0.046847	-0.039527	-0.048685	1.092008	
