0.568931	-0.007798	-0.002229	0.005575	-0.004834	0.003008	-0.002087	-0.003534	-0.014771	-0.009262	-0.005458	0.018912	-0.001919	-0.010533	-0.004484	0.000470	-0.004476	-0.001159	-0.006422	-0.004796	0.003160	-0.020227	0.007252	0.001370	0.028149	0.007254	-0.002734	0.004921	-0.003548	0.009556	0.007398	-0.002279	-0.003177	0.001949	-0.011173	0.030827	-0.005655	-0.005472	-0.000767	-0.022182	0.038106	0.005616	0.022142	0.008640	0.010576	-0.015347	-0.031068	0.021695	-0.015535	-0.009178	-0.000821	0.007282	0.009314	-0.007720	0.001697	-0.013822	-0.001347	0.005572	-0.003355	-0.002832	-0.015654	-0.017231	-0.010191	-0.013641	-0.018476	0.000946	-0.008571	-0.010638	-0.002652	-0.008341	-0.016775	-0.009681	-0.013320	-0.014227	-0.009225	-0.016707	-0.011383	-0.003022	-0.010772	-0.017900	-0.016193	-0.010335	-0.007590	0.001874	0.023494	0.005620	0.005877	-0.004168	-0.009348	0.004519	0.006680	0.005086	-0.020268	0.006107	-0.009335	0.005287	-0.015274	0.000156	-0.002674	-0.024699	-0.011401	-0.008850	-0.002242	0.006615	-0.004617	0.020236	
-0.007798	0.574592	0.010988	0.005634	-0.009116	0.001981	-0.034041	-0.032097	-0.001554	0.010601	0.001655	-0.008023	0.003837	-0.000572	-0.005510	0.003649	0.009012	0.002834	-0.007177	0.002317	0.007288	-0.004975	0.006904	0.005905	0.003113	0.009754	0.006413	0.006607	-0.002811	0.001747	0.001217	0.005241	-0.002304	0.010554	-0.000126	0.004706	-0.019975	0.000013	0.012314	-0.001098	-0.000088	-0.028373	0.007008	0.003001	-0.010798	0.006822	0.000597	0.003984	0.003514	0.007430	0.055939	0.004356	-0.000258	-0.024753	-0.004755	-0.003047	0.005630	0.012820	-0.011299	-0.017694	-0.021835	-0.011610	-0.013795	-0.007614	-0.020316	-0.011882	-0.009462	-0.017768	-0.015209	-0.023746	-0.015224	-0.015997	-0.024656	-0.015932	-0.016627	-0.019497	-0.016343	-0.012323	-0.015732	-0.015671	-0.017219	-0.009326	0.013224	0.001390	0.004020	-0.001375	0.003765	-0.014554	-0.002235	0.004985	-0.003570	0.014369	-0.003795	-0.001973	0.000626	0.008737	-0.001379	0.018392	0.000776	-0.000631	-0.028840	0.004095	0.007177	0.064325	-0.030060	-0.004122	
-0.002229	0.010988	0.525247	0.009168	-0.017383	0.002667	-0.016128	-0.019203	-0.000055	-0.001871	0.005054	-0.000691	-0.003480	0.002692	0.000873	0.003521	0.011597	0.025359	0.005310	0.008157	0.010823	-0.002661	0.005962	0.006591	0.000272	0.000402	0.012253	0.015839	0.008998	0.006909	0.005023	0.001857	0.007334	0.018701	0.003544	0.015701	-0.012777	-0.001878	0.004182	-0.008008	-0.005642	-0.016293	0.007694	0.016031	0.014169	0.004253	-0.008348	0.003178	0.012339	-0.009382	0.010504	0.019014	0.008431	-0.014436	0.003120	-0.002089	0.018253	0.017440	-0.014819	-0.011311	-0.022234	-0.023675	-0.012973	-0.028903	-0.022479	-0.020284	-0.028445	-0.023322	-0.017643	-0.027129	-0.024441	-0.017889	-0.022478	-0.014296	-0.025436	-0.029663	-0.016064	-0.019369	-0.028340	-0.014171	-0.020738	-0.026003	0.011061	0.002076	-0.002077	-0.000961	0.011776	-0.010070	-0.000057	0.012182	-0.009124	0.012070	-0.001753	0.009565	-0.017407	0.011593	0.011108	0.021520	0.003090	0.000191	-0.018116	-0.001052	0.013696	0.014821	-0.029645	0.003347	
0.005575	0.005634	0.009168	0.527432	-0.014734	0.003960	-0.016870	-0.021437	0.002594	-0.006004	0.003091	-0.003061	0.005951	-0.000085	0.009491	-0.002240	0.006107	0.000336	-0.006691	0.056927	0.007503	-0.001233	0.008611	0.010325	-0.000064	0.009698	0.000252	0.007365	0.014496	0.011593	-0.000331	0.007897	0.002387	0.000867	0.003887	0.011703	-0.014741	-0.009267	0.005882	-0.009564	0.002569	-0.014051	0.001661	0.008235	0.005831	0.008801	-0.003529	0.005691	-0.002917	-0.007683	0.009898	0.005792	0.002127	-0.010973	-0.000606	0.001238	-0.001887	0.001098	-0.012848	-0.014495	-0.018093	-0.009225	-0.019141	-0.009434	-0.019559	-0.021298	-0.023219	-0.019452	-0.011738	-0.015663	-0.020978	-0.029211	-0.018065	-0.007714	-0.017226	-0.023623	-0.022503	-0.021061	-0.016738	-0.004468	-0.014427	-0.016300	0.007877	0.008930	0.002878	-0.000889	0.015375	-0.014067	-0.010973	0.007641	0.004513	-0.000609	-0.004937	0.008551	-0.008926	0.013293	-0.005641	0.003686	0.005874	-0.001772	-0.014518	0.007837	0.002916	0.004854	-0.015466	0.010065	
-0.004834	-0.009116	-0.017383	-0.014734	0.567999	-0.012011	0.035391	0.034079	-0.025856	-0.007460	0.000685	-0.000312	-0.005679	-0.008053	-0.002411	-0.006410	-0.017460	-0.010209	-0.004621	-0.000688	-0.016064	-0.025207	-0.004104	-0.009715	-0.013457	-0.010885	-0.025078	-0.017016	-0.015854	-0.015365	-0.014131	-0.017433	-0.008565	-0.007779	-0.007607	0.003193	0.023819	-0.029036	-0.018228	-0.020516	-0.010418	0.032784	-0.010104	-0.006922	-0.005528	-0.024126	-0.016922	0.004642	-0.031503	-0.026231	-0.007430	-0.021709	-0.008282	0.036675	0.001193	-0.022194	-0.011618	-0.007276	0.025441	0.008737	0.021281	0.008852	0.018198	0.010814	0.022528	0.015363	0.021310	0.023855	0.017462	0.024932	0.027213	0.011112	0.019274	0.011856	0.013060	0.028773	0.016599	0.011259	0.024806	0.015372	0.026439	0.018733	-0.010128	-0.012467	-0.011329	-0.012926	-0.008735	-0.015117	-0.029250	-0.014026	-0.007524	-0.011289	-0.021586	-0.010811	-0.024218	-0.009732	-0.028801	-0.011200	-0.012674	-0.020863	0.027026	-0.022512	-0.005323	-0.013287	0.035167	-0.014587	
0.003008	0.001981	0.002667	0.003960	-0.012011	0.559758	-0.022557	-0.014373	-0.013538	-0.009928	0.039319	0.003189	0.007725	0.081043	0.036359	0.025442	-0.004463	-0.006572	0.031165	-0.002884	-0.000218	-0.017908	0.010656	0.007758	0.001303	0.004147	0.000127	0.000186	0.000941	-0.006438	0.001036	0.000311	0.004432	0.007524	-0.004106	0.002218	-0.013509	-0.017803	-0.000348	-0.020677	-0.006916	-0.020416	-0.007552	-0.004234	0.077463	-0.010994	-0.016405	0.006244	-0.017964	-0.021645	-0.010982	-0.002336	0.036592	-0.013540	0.032367	-0.021270	0.000700	-0.001062	-0.011888	-0.015977	-0.011165	-0.019253	-0.016690	-0.013222	-0.009375	-0.015048	-0.017240	-0.004928	-0.015526	-0.022164	-0.017034	-0.023233	-0.015749	-0.015028	-0.014367	-0.011947	-0.010149	-0.018880	-0.019034	-0.020058	-0.016858	-0.009372	0.006259	-0.004218	0.008179	0.009430	0.006296	-0.019347	-0.025342	0.007109	0.033687	0.005641	-0.016185	0.005035	-0.023158	0.002180	-0.023672	0.006680	-0.001169	-0.017361	-0.023460	-0.017247	0.071699	0.001473	-0.022645	0.007227	
-0.002087	-0.034041	-0.016128	-0.016870	0.035391	-0.022557	0.791686	0.266479	-0.029077	-0.033742	-0.019221	0.001215	-0.015547	-0.028094	-0.022995	-0.016820	-0.020817	-0.018992	-0.023984	-0.021136	-0.021862	-0.026258	-0.008952	-0.012529	0.000142	-0.022380	-0.025586	-0.013454	-0.023823	-0.010990	-0.019116	-0.023774	-0.020738	-0.016290	-0.030769	-0.007217	0.173474	-0.025475	-0.016294	-0.039879	-0.007263	0.259351	-0.003287	-0.014483	-0.027740	-0.035621	-0.035743	-0.006311	-0.038794	-0.025925	-0.003054	-0.019368	-0.020591	0.157980	-0.021426	-0.039251	-0.012262	-0.018093	-0.006266	-0.010491	-0.006493	-0.016480	-0.003065	-0.009770	-0.008501	-0.025297	-0.003072	-0.010022	-0.011532	-0.013015	-0.008292	-0.007573	-0.012433	-0.005880	-0.028143	-0.012836	-0.015243	-0.016243	-0.011106	-0.007382	-0.006760	-0.014467	-0.015249	-0.017044	-0.013193	-0.015876	-0.020637	-0.023492	-0.036133	-0.021046	-0.017256	-0.021293	-0.055463	-0.025155	-0.028524	-0.020413	-0.040161	-0.025679	-0.015759	-0.031544	0.261326	-0.028175	-0.022380	-0.023155	0.265668	0.007830	
-0.003534	-0.032097	-0.019203	-0.021437	0.034079	-0.014373	0.266479	0.790780	-0.037036	-0.037224	-0.022703	-0.000504	-0.009398	-0.022623	-0.022543	-0.018674	-0.008835	-0.006874	-0.012002	-0.018107	-0.016527	-0.037472	-0.007416	-0.012213	-0.007816	-0.020436	-0.013469	-0.015037	-0.023913	-0.016100	-0.018528	-0.017354	-0.013233	-0.015839	-0.027604	-0.006765	0.168636	-0.032484	-0.018827	-0.030474	-0.006405	0.253563	0.002048	-0.012675	-0.028916	-0.034627	-0.031086	-0.007352	-0.043632	-0.030357	-0.011555	-0.012405	-0.022988	0.158431	-0.021517	-0.032559	-0.019678	-0.021033	-0.014225	-0.011667	-0.006448	-0.018605	-0.004512	-0.017729	-0.004793	-0.009517	-0.009267	-0.005501	-0.006197	-0.008087	-0.018828	-0.009020	0.001312	-0.009226	-0.018196	-0.013198	-0.021438	-0.010501	-0.004686	-0.013306	-0.016482	-0.016864	-0.028497	-0.020662	-0.017218	-0.016916	-0.018015	-0.025075	-0.040022	-0.023443	-0.025622	-0.029794	-0.040633	-0.019955	-0.035533	-0.019962	-0.037674	-0.017631	-0.024260	-0.030821	0.256623	-0.028130	-0.010941	-0.020668	0.265306	-0.006640	
-0.014771	-0.001554	-0.000055	0.002594	-0.025856	-0.013538	-0.029077	-0.037036	0.579798	0.038761	-0.011151	-0.017981	-0.014531	-0.012021	-0.016824	-0.016347	0.002310	-0.007531	-0.021611	-0.007369	-0.002669	0.105930	-0.009157	0.005036	-0.012949	-0.001695	-0.000153	-0.004435	0.001746	-0.001157	-0.007790	-0.002953	-0.013890	-0.006321	-0.001402	-0.013662	-0.022336	0.043501	0.014700	0.096921	-0.018049	-0.027614	-0.020448	0.004981	-0.014108	0.079339	0.093190	-0.020216	0.116997	0.046713	-0.004751	-0.005465	-0.010487	-0.024537	-0.013763	0.040984	-0.005413	-0.010024	-0.018273	-0.034570	-0.031114	-0.041237	-0.032162	-0.031407	-0.029053	-0.037981	-0.039902	-0.043732	-0.037782	-0.042385	-0.037526	-0.047658	-0.024439	-0.025482	-0.035401	-0.035830	-0.022366	-0.028385	-0.028538	-0.037701	-0.034095	-0.030814	-0.006636	-0.013858	-0.006480	-0.002244	-0.004836	0.041143	0.091985	-0.006465	-0.008780	0.005497	0.093952	-0.002435	0.041944	0.002985	0.085788	-0.000518	-0.000229	0.078126	-0.033100	0.037681	-0.019872	0.010010	-0.032285	-0.004448	
-0.009262	0.010601	-0.001871	-0.006004	-0.007460	-0.009928	-0.033742	-0.037224	0.038761	0.573348	-0.018528	-0.010979	-0.002510	-0.023468	-0.016062	-0.012330	0.009583	0.001912	-0.011761	-0.007829	-0.005299	0.046057	-0.004462	-0.007903	-0.011102	-0.002833	-0.008209	-0.015746	0.002100	-0.006499	-0.007029	-0.001785	-0.006481	0.002443	0.002479	-0.005575	-0.024151	0.072749	0.017903	0.039082	-0.009284	-0.032008	-0.014803	-0.002532	-0.010363	0.028419	0.028975	-0.015792	0.034199	0.088441	-0.002362	0.001943	-0.020984	-0.034085	-0.016257	0.101024	-0.006957	-0.000309	-0.025107	-0.024991	-0.031031	-0.024469	-0.029366	-0.018845	-0.029105	-0.023248	-0.033036	-0.030491	-0.030780	-0.030771	-0.023335	-0.036723	-0.032224	-0.020787	-0.028807	-0.022046	-0.025267	-0.023689	-0.022080	-0.033684	-0.036182	-0.027475	0.005927	-0.002651	-0.007346	-0.003653	-0.004481	0.115561	0.033061	0.005284	-0.015208	-0.005679	0.034079	0.004024	0.088419	0.001576	0.041107	0.001600	-0.000417	0.037379	-0.033153	0.077509	-0.005953	0.005210	-0.028675	-0.011554	
-0.005458	0.001655	0.005054	0.003091	0.000685	0.039319	-0.019221	-0.022703	-0.011151	-0.018528	0.567134	-0.001342	-0.004403	0.040293	0.034948	0.019825	0.001586	0.010600	0.027447	-0.008365	0.005288	-0.018370	0.012772	0.007025	-0.004585	-0.001470	0.001157	0.002301	0.010653	-0.003237	0.000031	0.003648	-0.001049	0.008011	0.005334	-0.002720	-0.014107	-0.023013	-0.001352	-0.011644	0.000760	-0.022099	-0.008557	-0.000898	0.041190	-0.003181	-0.017410	0.004833	-0.010152	-0.018308	-0.001135	-0.011480	0.036673	-0.018479	0.024444	-0.013864	0.008920	-0.001388	-0.017640	-0.015082	-0.004573	-0.009405	-0.012404	-0.002967	-0.007802	-0.011440	-0.016210	-0.013664	-0.022228	-0.005127	-0.008814	-0.012571	-0.006173	-0.015083	-0.014558	-0.014308	-0.011289	-0.010118	-0.019225	-0.009803	-0.015693	-0.003730	0.002271	0.002917	0.003241	0.010732	0.005563	-0.024964	-0.003693	-0.000814	0.029020	-0.001332	-0.019496	0.002267	-0.013582	0.004431	-0.023184	0.010017	-0.003937	-0.008464	-0.021888	-0.010791	0.028373	-0.006314	-0.013069	-0.008835	
0.018912	-0.008023	-0.000691	-0.003061	-0.000312	0.003189	0.001215	-0.000504	-0.017981	-0.010979	-0.001342	0.547954	0.010335	0.011624	0.003430	0.002415	-0.001717	-0.003962	0.000542	-0.004207	0.006597	-0.015975	0.005128	0.003450	0.026567	-0.005994	0.004637	-0.008462	0.009384	0.010551	0.003239	0.002786	0.002837	-0.001125	0.006101	0.017037	-0.004116	-0.015464	0.002263	-0.011013	0.030556	-0.006818	0.017576	-0.005015	0.006688	-0.006755	-0.019221	0.026625	-0.020237	-0.014422	-0.001046	-0.002574	0.002442	-0.005911	0.000387	-0.009164	0.006160	0.000599	-0.016738	-0.009432	0.002704	-0.005655	-0.015571	-0.010204	-0.016260	-0.004705	-0.006897	0.001617	-0.008846	-0.012771	-0.012388	-0.008414	-0.018293	-0.008213	-0.009450	-0.011100	-0.019475	-0.005961	-0.001773	-0.014870	-0.005431	-0.010288	-0.005373	0.004090	0.024626	0.005801	-0.005472	-0.014838	-0.012964	-0.010763	0.008897	0.007302	-0.006657	-0.002393	-0.013494	-0.002806	-0.021468	-0.002239	-0.002221	-0.018820	0.001532	-0.012195	-0.008300	-0.012465	-0.005927	0.023402	
-0.001919	0.003837	-0.003480	0.005951	-0.005679	0.007725	-0.015547	-0.009398	-0.014531	-0.002510	-0.004403	0.010335	0.525672	0.010869	0.015019	0.006950	0.001190	-0.000647	0.010232	0.010502	0.003129	-0.005336	0.020651	0.011241	0.006686	-0.004850	-0.000730	0.004890	0.002661	0.002743	0.005875	0.005422	0.003710	-0.002829	0.006295	0.007600	-0.014231	-0.010657	0.010461	0.002204	0.008775	-0.013541	0.008817	0.005082	-0.001392	-0.008867	-0.004648	0.002809	-0.013531	-0.013278	0.004167	0.010100	-0.005638	-0.006801	0.005193	0.001340	0.003912	0.006084	-0.023190	-0.020497	-0.019347	-0.022416	-0.015648	-0.017063	-0.015387	-0.016041	-0.008466	-0.011075	-0.023302	-0.009999	-0.021554	-0.020428	-0.020269	-0.012766	-0.016174	-0.009277	-0.012498	-0.020552	-0.012024	-0.022407	-0.017580	-0.018504	-0.002330	0.009168	0.003523	0.018611	0.002455	-0.002164	-0.001240	0.001097	0.011262	0.006954	-0.004970	0.021676	0.005962	0.011903	-0.001876	-0.000010	0.007062	-0.003569	-0.012788	0.005634	0.001119	0.008483	-0.009531	-0.000820	
-0.010533	-0.000572	0.002692	-0.000085	-0.008053	0.081043	-0.028094	-0.022623	-0.012021	-0.023468	0.040293	0.011624	0.010869	0.557685	0.027566	0.021261	0.000987	-0.003971	0.039464	-0.005980	0.005910	-0.015035	0.005797	-0.000492	-0.009118	0.000644	-0.004461	0.008756	0.007476	0.000369	0.003366	-0.000343	0.000251	-0.002083	-0.002997	0.005227	-0.020946	-0.016286	0.008901	-0.007631	0.007351	-0.017407	-0.005765	0.000538	0.089018	-0.016124	-0.009192	0.004234	-0.011022	-0.019314	-0.002141	0.004470	0.036481	-0.013245	0.027372	-0.017040	0.003438	0.007915	-0.025429	-0.024091	-0.009106	-0.015023	-0.013545	-0.014282	-0.016268	-0.015973	-0.016130	-0.021995	-0.025404	-0.012780	-0.008599	-0.027956	-0.019251	-0.026670	-0.029264	-0.010566	-0.006326	-0.024553	-0.019552	-0.022611	-0.018462	-0.016402	0.008590	0.006794	-0.004276	0.000773	-0.003175	-0.013626	-0.007276	0.003471	0.031541	-0.001524	0.000795	0.003567	-0.010383	0.005460	-0.019713	-0.001841	-0.003858	-0.010826	-0.021537	-0.004608	0.077692	-0.010304	-0.026555	0.004945	
-0.004484	-0.005510	0.000873	0.009491	-0.002411	0.036359	-0.022995	-0.022543	-0.016824	-0.016062	0.034948	0.003430	0.015019	0.027566	0.539559	0.026904	-0.006529	-0.000906	0.037103	-0.000337	-0.000927	-0.009935	0.007913	-0.000954	0.002358	0.001674	0.001724	-0.010425	-0.004923	-0.001585	-0.000487	-0.001347	0.003587	-0.005258	0.008885	-0.002153	-0.014490	-0.017155	-0.001871	-0.008364	-0.000707	-0.026144	-0.007719	-0.002366	0.027107	-0.002614	0.001334	0.005942	-0.023963	-0.020183	0.005943	-0.000739	0.026117	-0.012214	0.027453	-0.013026	-0.007469	-0.008282	-0.013275	-0.021705	-0.018385	-0.010059	-0.008310	-0.008776	-0.009405	-0.014129	-0.008046	-0.009571	-0.020440	0.000323	-0.012045	-0.009699	-0.013881	-0.018586	-0.011278	-0.011571	-0.008823	-0.014842	-0.014995	-0.004489	-0.006716	-0.018763	0.011790	0.004433	0.003943	-0.002402	0.003010	-0.004592	-0.011401	-0.004045	0.039761	-0.002393	-0.013639	0.015585	-0.004741	0.006625	-0.012579	-0.003388	0.010194	-0.015222	-0.014674	-0.001000	0.030703	-0.003441	-0.019149	-0.003520	
0.000470	0.003649	0.003521	-0.002240	-0.006410	0.025442	-0.016820	-0.018674	-0.016347	-0.012330	0.019825	0.002415	0.006950	0.021261	0.026904	0.541197	0.010633	0.010152	0.018725	0.000818	0.001720	-0.012713	0.006084	-0.000070	-0.002320	-0.004631	0.004914	0.005787	-0.000918	0.000927	0.010978	0.001029	0.004743	0.001866	0.000817	0.002122	-0.006009	-0.008946	-0.006005	-0.015347	0.012792	-0.011966	-0.000188	0.002181	0.024600	-0.004714	-0.014874	0.003571	-0.018738	-0.012652	0.011168	0.008013	0.027543	-0.005226	0.036476	-0.010785	-0.009027	0.000199	-0.013476	-0.009019	-0.010176	-0.008497	-0.026688	-0.017794	-0.021001	-0.010939	-0.019099	-0.017503	-0.021319	-0.013579	-0.011161	-0.008000	-0.013403	-0.020822	-0.011072	-0.018011	-0.011194	-0.018569	-0.009499	-0.012015	-0.018989	-0.013673	0.004671	-0.004720	-0.002091	0.001060	0.009320	-0.007099	-0.008075	0.007691	0.016364	0.008801	-0.014518	0.005888	-0.003585	-0.005106	-0.008439	0.001837	0.000498	-0.017322	-0.009449	-0.002829	0.031994	-0.011509	-0.012025	0.003197	
-0.004476	0.009012	0.011597	0.006107	-0.017460	-0.004463	-0.020817	-0.008835	0.002310	0.009583	0.001586	-0.001717	0.001190	0.000987	-0.006529	0.010633	0.544202	0.022976	0.010116	0.003468	0.014002	-0.010199	-0.002931	0.004479	-0.002111	0.002631	0.018145	0.011557	0.008514	0.015379	0.005896	0.010191	0.006715	0.000311	0.003196	-0.003231	-0.016652	0.002250	0.014551	-0.009713	-0.000157	-0.017726	0.000292	0.001304	-0.006797	0.004447	-0.013715	0.000117	-0.002116	-0.002541	-0.003137	0.010256	-0.006974	-0.015327	-0.003061	0.002310	0.022924	0.002713	-0.018558	-0.024953	-0.022718	-0.019547	-0.014407	-0.008090	-0.022420	-0.015478	-0.015635	-0.024349	-0.012022	-0.021102	-0.011495	-0.020678	-0.008718	-0.019935	-0.016018	-0.017260	-0.012614	-0.010358	-0.014581	-0.023201	-0.018781	-0.012244	0.002167	0.011088	-0.002696	0.008322	0.004781	0.008166	-0.004339	0.010884	0.000566	0.004940	0.008615	0.007182	-0.004462	0.010024	0.002621	0.024834	0.004641	0.004455	-0.013581	-0.003841	-0.010391	0.001857	-0.018463	0.004626	
-0.001159	0.002834	0.025359	0.000336	-0.010209	-0.006572	-0.018992	-0.006874	-0.007531	0.001912	0.010600	-0.003962	-0.000647	-0.003971	-0.000906	0.010152	0.022976	0.547160	0.002446	0.010855	0.017726	-0.006746	0.015714	0.009560	-0.004491	0.013680	0.011831	0.004701	0.001929	0.012184	0.010434	0.015135	0.004470	0.015565	0.005699	0.000900	-0.016591	-0.006234	0.003489	-0.010872	-0.008913	-0.012239	0.008086	0.018729	0.005879	-0.006479	-0.009449	-0.007282	0.003642	-0.000309	0.007233	0.015743	0.009772	-0.012959	0.004054	0.000337	0.027055	0.017560	-0.025686	-0.019194	-0.024827	-0.024640	-0.026553	-0.016981	-0.014491	-0.019486	-0.027782	-0.026457	-0.026747	-0.033656	-0.013062	-0.018175	-0.013133	-0.024892	-0.018534	-0.028051	-0.011874	-0.015315	-0.018724	-0.030464	-0.030521	-0.011911	0.003720	0.010878	0.001706	0.013945	0.007149	-0.003167	-0.009839	0.016372	-0.000458	0.013005	-0.003939	0.006294	-0.003044	0.002082	-0.003150	0.021504	0.004295	-0.000774	-0.012299	-0.007035	0.008254	0.013991	-0.017045	-0.000060	
-0.006422	-0.007177	0.005310	-0.006691	-0.004621	0.031165	-0.023984	-0.012002	-0.021611	-0.011761	0.027447	0.000542	0.010232	0.039464	0.037103	0.018725	0.010116	0.002446	0.537772	0.010475	-0.000153	-0.010653	0.003261	-0.000587	-0.001887	-0.003791	0.003584	-0.005310	0.009145	-0.002574	0.002593	-0.009933	0.004633	-0.002992	0.003284	-0.006127	-0.013309	-0.015296	0.007449	-0.009760	0.002780	-0.018723	-0.001654	0.005191	0.030730	-0.022865	-0.005081	0.000476	-0.026852	-0.009507	-0.003320	-0.001457	0.028112	-0.012932	0.023886	-0.008725	0.003614	-0.002353	-0.020911	-0.015369	-0.019374	-0.008878	-0.011470	-0.016005	-0.015685	-0.005894	-0.013241	-0.007440	-0.018038	-0.013689	-0.012763	-0.012587	-0.011479	-0.015777	-0.026510	-0.008355	-0.008863	-0.019765	-0.013407	-0.015923	-0.004992	-0.015411	0.012564	0.003715	0.001597	0.008004	-0.005982	0.000116	-0.014696	-0.000829	0.035787	0.004214	-0.008117	0.005643	-0.007087	0.006857	-0.007464	0.006203	0.000931	-0.007394	-0.012001	-0.004296	0.031477	0.009271	-0.019460	-0.007765	
-0.004796	0.002317	0.008157	0.056927	-0.000688	-0.002884	-0.021136	-0.018107	-0.007369	-0.007829	-0.008365	-0.004207	0.010502	-0.005980	-0.000337	0.000818	0.003468	0.010855	0.010475	0.524202	0.009883	-0.001295	0.007194	0.011620	-0.001888	0.010179	0.003718	0.002285	-0.001165	0.003800	0.007475	0.013126	0.006259	0.010165	0.005318	0.008115	-0.013581	-0.000240	0.007855	0.000005	0.000201	-0.020759	0.004856	0.013328	-0.000878	0.000736	0.005769	0.004002	-0.001894	-0.005981	0.011464	0.000305	0.010612	-0.015647	-0.003516	-0.001944	0.006055	0.002800	-0.017928	-0.012115	-0.008659	-0.024343	-0.009436	-0.017227	-0.026674	-0.024479	-0.020296	-0.013952	-0.016547	-0.017624	-0.020632	-0.017200	-0.005376	-0.023646	-0.012811	-0.021785	-0.028669	-0.017189	-0.021412	-0.020401	-0.015302	-0.017990	0.009036	0.003578	0.005937	0.000813	0.014499	-0.006533	-0.010899	0.007444	0.004451	0.005434	0.002869	0.003742	-0.000577	0.009162	-0.003260	-0.003158	0.003642	0.005356	-0.016478	0.000451	0.010722	0.011440	-0.013086	0.004849	
0.003160	0.007288	0.010823	0.007503	-0.016064	-0.000218	-0.021862	-0.016527	-0.002669	-0.005299	0.005288	0.006597	0.003129	0.005910	-0.000927	0.001720	0.014002	0.017726	-0.000153	0.009883	0.517502	-0.016535	0.009724	0.004790	-0.001122	0.011488	0.019406	-0.002510	0.011538	0.013112	0.010141	0.010773	-0.003555	0.013780	0.007169	0.004812	-0.011729	-0.003272	-0.001145	-0.014285	0.002324	-0.017279	0.005351	0.021420	0.002195	-0.004601	-0.005944	-0.002963	-0.000178	-0.002773	-0.006218	0.023996	0.004189	-0.020442	0.004847	-0.011758	0.015231	0.002210	-0.010786	-0.012298	-0.002738	-0.009741	-0.013010	-0.016325	-0.015327	-0.021949	-0.019800	-0.022952	-0.009541	-0.015636	-0.021629	-0.020503	-0.019395	-0.021252	-0.015164	-0.019662	-0.014202	-0.005163	-0.011285	-0.007426	-0.019148	-0.006507	-0.000099	0.008279	-0.001164	0.002122	0.011603	-0.006444	-0.007826	0.005227	0.000741	0.003081	-0.005724	0.005187	-0.001845	-0.001195	-0.007377	0.017956	0.003324	-0.001474	-0.024393	0.006779	-0.004654	0.002982	-0.014625	0.000732	
-0.020227	-0.004975	-0.002661	-0.001233	-0.025207	-0.017908	-0.026258	-0.037472	0.105930	0.046057	-0.018370	-0.015975	-0.005336	-0.015035	-0.009935	-0.012713	-0.010199	-0.006746	-0.010653	-0.001295	-0.016535	0.568557	-0.014884	-0.007880	-0.015420	-0.009864	-0.003438	-0.004871	0.000767	-0.012716	-0.001444	-0.005017	-0.003881	-0.010285	0.001417	-0.021830	-0.025892	0.038724	0.018062	0.104352	-0.015772	-0.031442	-0.016272	-0.006307	-0.021734	0.070086	0.104148	-0.015905	0.108829	0.046684	-0.003967	0.002509	-0.023267	-0.018733	-0.014877	0.051807	-0.004357	0.002969	-0.035665	-0.040025	-0.025040	-0.027294	-0.025002	-0.023027	-0.027997	-0.031500	-0.034234	-0.036165	-0.044593	-0.033868	-0.028195	-0.041041	-0.041289	-0.036092	-0.030819	-0.026907	-0.033926	-0.033297	-0.037927	-0.035831	-0.031411	-0.036133	0.001745	0.000627	-0.013699	-0.003359	-0.011919	0.053457	0.099145	-0.003103	-0.010166	0.004518	0.102469	0.002148	0.047883	0.008652	0.080739	-0.001361	-0.003514	0.085829	-0.032316	0.034261	-0.024649	0.000078	-0.024990	-0.013023	
0.007252	0.006904	0.005962	0.008611	-0.004104	0.010656	-0.008952	-0.007416	-0.009157	-0.004462	0.012772	0.005128	0.020651	0.005797	0.007913	0.006084	-0.002931	0.015714	0.003261	0.007194	0.009724	-0.014884	0.561544	0.011596	0.010160	0.009205	0.003829	0.005923	0.004914	0.006217	0.000533	0.005506	0.009084	0.017737	0.008142	0.005785	-0.002347	-0.012880	0.012443	-0.005309	-0.000908	-0.009931	0.015683	0.014254	0.002082	-0.018822	-0.016366	0.002214	-0.004360	-0.009397	0.000995	0.002994	-0.001892	-0.002106	0.001478	0.005493	0.001690	0.002098	-0.026905	-0.022313	-0.017637	-0.020841	-0.010546	-0.028917	-0.011505	-0.013787	-0.020863	-0.014790	-0.022947	-0.013714	-0.027982	-0.020616	-0.018829	-0.014718	-0.015548	-0.014349	-0.019876	-0.019790	-0.023606	-0.019475	-0.021566	-0.020456	0.012132	0.008844	0.001301	0.011776	0.006065	-0.008049	-0.012008	-0.003025	0.009446	0.017889	-0.004073	0.017554	-0.008197	0.003711	-0.006812	0.012417	0.004432	-0.005385	-0.007821	-0.003779	-0.000019	-0.008254	-0.006870	-0.007926	
0.001370	0.005905	0.006591	0.010325	-0.009715	0.007758	-0.012529	-0.012213	0.005036	-0.007903	0.007025	0.003450	0.011241	-0.000492	-0.000954	-0.000070	0.004479	0.009560	-0.000587	0.011620	0.004790	-0.007880	0.011596	0.526347	0.003870	0.017837	0.008527	0.013741	-0.006259	0.003726	-0.006300	0.010068	0.002930	0.005343	0.009177	0.011703	-0.014469	-0.004520	0.001270	-0.009835	0.009215	-0.014051	0.013056	0.017731	-0.003665	-0.007206	-0.000138	0.002571	0.001695	-0.007140	0.008677	0.000502	0.000092	-0.015856	0.004820	-0.001611	0.007201	0.004354	-0.025463	-0.028331	-0.020399	-0.016414	-0.016428	-0.018793	-0.013319	-0.010175	-0.013316	-0.016604	-0.022319	-0.016613	-0.017858	-0.019580	-0.008434	-0.017209	-0.020753	-0.021588	-0.016535	-0.010887	-0.006022	-0.018847	-0.017954	-0.013994	0.006113	0.008523	0.007762	0.017152	0.019173	-0.014203	0.001914	0.010626	0.001800	0.008480	-0.003309	0.002583	-0.008926	0.007867	-0.015407	0.000430	-0.002129	-0.005841	-0.011534	-0.005321	0.007799	0.005261	-0.018450	0.008844	
0.028149	0.003113	0.000272	-0.000064	-0.013457	0.001303	0.000142	-0.007816	-0.012949	-0.011102	-0.004585	0.026567	0.006686	-0.009118	0.002358	-0.002320	-0.002111	-0.004491	-0.001887	-0.001888	-0.001122	-0.015420	0.010160	0.003870	0.562112	0.005278	-0.007694	0.000096	0.000716	0.007309	-0.004209	0.000357	0.005699	0.003365	-0.000533	0.010810	-0.008716	-0.002700	0.000377	-0.007744	0.034502	-0.000565	0.025456	-0.001882	0.001275	-0.013932	-0.006050	0.015107	-0.011271	-0.013731	0.012667	-0.006495	-0.007854	-0.004948	-0.003805	-0.007659	0.005087	-0.003593	-0.013470	-0.016473	-0.018715	-0.017715	-0.015558	-0.003680	-0.020452	-0.014459	-0.011361	-0.016683	-0.011275	-0.007604	-0.013461	-0.015997	-0.011633	-0.011049	-0.012829	-0.012579	-0.013223	-0.009475	-0.018581	-0.021232	-0.013828	-0.010683	0.003592	-0.000238	0.029386	0.004186	0.007835	0.003352	-0.007797	-0.001119	-0.005740	-0.000417	-0.004338	0.010914	-0.002087	0.009551	-0.003685	0.000351	0.005524	-0.009855	-0.002389	-0.008249	-0.009915	0.001791	0.001411	0.019888	
0.007254	0.009754	0.000402	0.009698	-0.010885	0.004147	-0.022380	-0.020436	-0.001695	-0.002833	-0.001470	-0.005994	-0.004850	0.000644	0.001674	-0.004631	0.002631	0.013680	-0.003791	0.010179	0.011488	-0.009864	0.009205	0.017837	0.005278	0.526281	0.012105	0.017047	0.012376	0.033619	0.019796	0.015138	0.020886	0.020044	0.008550	0.003209	-0.012655	-0.008538	-0.000985	-0.004087	-0.001856	-0.020646	0.000492	0.005302	0.001541	0.000577	-0.001986	-0.002261	-0.005715	-0.006547	0.015375	0.004351	0.003942	-0.023266	0.003107	-0.013090	0.005489	0.003998	-0.013204	-0.014444	-0.017771	-0.022196	-0.013936	-0.013588	-0.023441	-0.018398	-0.023303	-0.026862	-0.013315	-0.016290	-0.021334	-0.015460	-0.015979	-0.019328	-0.008629	-0.023843	-0.017297	-0.008530	-0.018315	-0.024900	-0.017767	-0.013808	0.006029	0.008439	-0.000462	-0.000431	0.014476	-0.009133	-0.002919	0.011898	0.011075	0.005275	-0.006649	0.003041	-0.004805	0.019855	-0.008981	0.011605	0.014336	-0.002670	-0.020707	0.000292	0.001746	0.008839	-0.015958	-0.005754	
-0.002734	0.006413	0.012253	0.000252	-0.025078	0.000127	-0.025586	-0.013469	-0.000153	-0.008209	0.001157	0.004637	-0.000730	-0.004461	0.001724	0.004914	0.018145	0.011831	0.003584	0.003718	0.019406	-0.003438	0.003829	0.008527	-0.007694	0.012105	0.529465	0.022659	0.021650	0.021325	0.008994	0.027532	0.017952	0.028911	0.000461	0.000139	-0.013554	0.008197	0.000828	-0.002681	-0.000993	-0.018969	0.006375	0.006030	-0.001258	0.007952	-0.005734	0.010540	0.002338	-0.001206	0.007828	0.001281	0.005620	-0.017926	0.007091	-0.001238	0.017747	0.005405	-0.012204	-0.014394	-0.022604	-0.028386	-0.028671	-0.023304	-0.021628	-0.020383	-0.029086	-0.017452	-0.024388	-0.021124	-0.026167	-0.016495	-0.025832	-0.024297	-0.027163	-0.021216	-0.017790	-0.018654	-0.022334	-0.020781	-0.028433	-0.025559	0.009199	0.020561	0.001623	0.012370	0.012220	-0.009354	0.001879	0.015610	0.008005	0.010209	0.000183	0.009059	-0.004348	0.008782	0.010060	0.010027	0.008417	-0.003027	-0.021606	-0.000879	-0.001595	0.003870	-0.017807	-0.004212	
0.004921	0.006607	0.015839	0.007365	-0.017016	0.000186	-0.013454	-0.015037	-0.004435	-0.015746	0.002301	-0.008462	0.004890	0.008756	-0.010425	0.005787	0.011557	0.004701	-0.005310	0.002285	-0.002510	-0.004871	0.005923	0.013741	0.000096	0.017047	0.022659	0.572022	0.012214	0.007277	0.007290	0.018231	0.013399	0.019746	0.005946	-0.008348	-0.012139	0.004729	0.002244	-0.006963	-0.003511	-0.006701	0.008604	0.000528	0.012909	0.005570	-0.006896	-0.000117	-0.000451	-0.008473	0.009651	0.010836	-0.003274	-0.019630	-0.002888	-0.006063	0.008311	0.005599	-0.006448	-0.021253	-0.022681	-0.020053	-0.008672	-0.019990	-0.028487	-0.013541	-0.014106	-0.026617	-0.014020	-0.016588	-0.022039	-0.012774	-0.013971	-0.014201	-0.015167	-0.021157	-0.007829	-0.016153	-0.019969	-0.019908	-0.012504	-0.020617	-0.001594	0.015466	0.021080	0.005375	0.010109	-0.005226	0.006550	0.012142	0.001824	0.008368	-0.002471	0.001386	-0.006595	0.011147	-0.012806	-0.001851	0.006034	-0.009615	-0.023175	0.003250	0.000634	0.001487	-0.018290	-0.005510	
-0.003548	-0.002811	0.008998	0.014496	-0.015854	0.000941	-0.023823	-0.023913	0.001746	0.002100	0.010653	0.009384	0.002661	0.007476	-0.004923	-0.000918	0.008514	0.001929	0.009145	-0.001165	0.011538	0.000767	0.004914	-0.006259	0.000716	0.012376	0.021650	0.012214	0.540045	0.020783	0.049282	0.018715	0.021479	0.014533	0.008057	0.000003	-0.021558	0.000194	0.004762	0.001660	0.003212	-0.023716	-0.002850	0.018646	-0.001529	-0.008054	0.001727	0.001316	-0.000646	-0.002699	-0.001938	0.014982	0.007383	-0.016027	-0.011628	0.008393	0.010558	0.005676	-0.028211	-0.025381	-0.022062	-0.011430	-0.027722	-0.021270	-0.025969	-0.014821	-0.027594	-0.024235	-0.026016	-0.013256	-0.018028	-0.030060	-0.023933	-0.017515	-0.022144	-0.009143	-0.020503	-0.021096	-0.020571	-0.016847	-0.024906	-0.025288	0.012047	0.002520	0.002844	0.014133	0.005709	-0.003928	0.001065	0.008149	0.003257	0.010615	0.001540	0.015164	0.003655	0.004712	-0.001470	0.014910	0.000821	0.006468	-0.025133	-0.001150	0.004373	0.007261	-0.024047	0.004740	
0.009556	0.001747	0.006909	0.011593	-0.015365	-0.006438	-0.010990	-0.016100	-0.001157	-0.006499	-0.003237	0.010551	0.002743	0.000369	-0.001585	0.000927	0.015379	0.012184	-0.002574	0.003800	0.013112	-0.012716	0.006217	0.003726	0.007309	0.033619	0.021325	0.007277	0.020783	0.540644	0.008669	0.013506	0.015321	0.007154	0.016549	0.005511	-0.016321	-0.003794	0.004980	-0.003820	-0.001046	-0.008713	-0.010635	0.002178	0.005471	-0.000783	-0.004296	0.004518	-0.005583	-0.006957	0.013200	0.009231	-0.004608	-0.012554	-0.005714	-0.001428	0.021899	-0.000211	-0.009952	-0.021637	-0.022929	-0.020843	-0.022214	-0.011557	-0.026429	-0.022471	-0.014897	-0.020355	-0.016439	-0.029723	-0.018760	-0.010852	-0.018967	-0.021774	-0.022740	-0.023847	-0.016759	-0.013146	-0.020625	-0.025718	-0.019127	-0.009606	0.007110	0.007621	0.004689	0.003363	0.009725	-0.000184	-0.003194	0.011487	0.005238	0.004458	-0.013028	0.014974	-0.003045	-0.000225	0.003360	0.005768	0.006057	0.001667	-0.016505	0.002866	-0.000021	-0.003102	-0.019217	0.006993	
0.007398	0.001217	0.005023	-0.000331	-0.014131	0.001036	-0.019116	-0.018528	-0.007790	-0.007029	0.000031	0.003239	0.005875	0.003366	-0.000487	0.010978	0.005896	0.010434	0.002593	0.007475	0.010141	-0.001444	0.000533	-0.006300	-0.004209	0.019796	0.008994	0.007290	0.049282	0.008669	0.505427	0.009314	0.005838	0.010829	0.009915	-0.003294	-0.011696	-0.001475	-0.004367	-0.004214	0.006156	-0.019959	-0.003297	0.007481	-0.004825	-0.003483	-0.002112	0.000868	-0.007741	-0.000569	0.010500	0.007752	0.009919	-0.009692	-0.002038	-0.001279	0.010110	0.001701	-0.028794	-0.011043	-0.009759	-0.010250	-0.025592	-0.011137	-0.015700	-0.025307	-0.011628	-0.022377	-0.014256	-0.012212	-0.018747	-0.017485	-0.014478	-0.019184	-0.018929	-0.013796	-0.011591	-0.021408	-0.016814	-0.015803	-0.018165	-0.023430	0.013770	0.007769	0.008229	0.001206	0.002820	-0.007632	-0.004673	0.015298	-0.005330	0.019256	-0.005148	0.007255	-0.003575	0.006842	-0.002461	0.018125	0.018007	-0.004018	-0.018934	0.002200	0.004196	0.004779	-0.019882	-0.003168	
-0.002279	0.005241	0.001857	0.007897	-0.017433	0.000311	-0.023774	-0.017354	-0.002953	-0.001785	0.003648	0.002786	0.005422	-0.000343	-0.001347	0.001029	0.010191	0.015135	-0.009933	0.013126	0.010773	-0.005017	0.005506	0.010068	0.000357	0.015138	0.027532	0.018231	0.018715	0.013506	0.009314	0.562486	0.014745	0.009427	-0.002746	0.003714	-0.015540	-0.005591	0.011186	-0.002903	-0.005285	-0.018649	0.010900	0.009741	0.001097	-0.007463	0.004353	-0.000535	-0.001276	-0.009839	-0.000126	0.002958	0.001192	-0.022353	-0.000863	0.000031	0.016032	0.005996	-0.019481	-0.015430	-0.018622	-0.017079	-0.014108	-0.024612	-0.014797	-0.017485	-0.021441	-0.017675	-0.011182	-0.017819	-0.020557	-0.021737	-0.017915	-0.024656	-0.023994	-0.021438	-0.001464	-0.008025	-0.021336	-0.013271	-0.019839	-0.015744	0.000837	0.017490	0.005063	0.002788	0.009692	-0.007814	-0.004448	0.016880	-0.005918	0.000626	0.002809	0.005581	-0.005385	0.013171	-0.005898	0.019842	0.005888	-0.009354	-0.020744	0.002290	0.007677	-0.000965	-0.023320	-0.000094	
-0.003177	-0.002304	0.007334	0.002387	-0.008565	0.004432	-0.020738	-0.013233	-0.013890	-0.006481	-0.001049	0.002837	0.003710	0.000251	0.003587	0.004743	0.006715	0.004470	0.004633	0.006259	-0.003555	-0.003881	0.009084	0.002930	0.005699	0.020886	0.017952	0.013399	0.021479	0.015321	0.005838	0.014745	0.530949	0.007850	0.006665	0.000645	-0.015625	-0.010287	0.007168	0.001082	0.003041	-0.021311	0.006067	0.004774	-0.001700	-0.005513	-0.014994	-0.006995	0.002303	-0.001107	0.007250	0.009520	-0.001741	-0.019454	0.000273	-0.005208	0.006995	0.011337	-0.009527	-0.027452	-0.011381	-0.011330	-0.021518	-0.018457	-0.021392	-0.021097	-0.020033	-0.013826	-0.014929	-0.020888	-0.011688	-0.015717	-0.021120	-0.019721	-0.011870	-0.014605	-0.011993	-0.018418	-0.012739	-0.017561	-0.009885	-0.013115	0.019065	0.013200	0.003758	0.009214	0.005402	-0.010204	-0.003176	0.017473	0.000373	-0.003121	-0.005278	0.014314	-0.000586	0.010374	0.007311	0.009855	0.002684	0.010095	-0.023270	0.001798	-0.000275	-0.002541	-0.025710	0.001178	
0.001949	0.010554	0.018701	0.000867	-0.007779	0.007524	-0.016290	-0.015839	-0.006321	0.002443	0.008011	-0.001125	-0.002829	-0.002083	-0.005258	0.001866	0.000311	0.015565	-0.002992	0.010165	0.013780	-0.010285	0.017737	0.005343	0.003365	0.020044	0.028911	0.019746	0.014533	0.007154	0.010829	0.009427	0.007850	0.530836	0.005823	0.007535	-0.009277	-0.006653	0.001307	-0.011019	0.001114	-0.016591	0.005768	0.005424	-0.002678	-0.002692	-0.005527	0.006000	0.005123	-0.009545	0.005323	0.020344	0.011931	-0.014192	0.005535	-0.004829	0.013749	0.015650	-0.014574	-0.011338	-0.022126	-0.031434	-0.019240	-0.021741	-0.014503	-0.013800	-0.023046	-0.016160	-0.016042	-0.027563	-0.026502	-0.015338	-0.013145	-0.011882	-0.015832	-0.020330	-0.018939	-0.016412	-0.027689	-0.016911	-0.025784	-0.021147	0.004794	0.015750	0.006714	0.003218	0.001711	-0.004399	-0.016091	0.012833	-0.000605	0.005533	-0.004493	0.001806	-0.005497	0.003834	0.003078	0.005486	0.005369	-0.004719	-0.019364	-0.007318	0.001460	0.010453	-0.018956	0.001963	
-0.011173	-0.000126	0.003544	0.003887	-0.007607	-0.004106	-0.030769	-0.027604	-0.001402	0.002479	0.005334	0.006101	0.006295	-0.002997	0.008885	0.000817	0.003196	0.005699	0.003284	0.005318	0.007169	0.001417	0.008142	0.009177	-0.000533	0.008550	0.000461	0.005946	0.008057	0.016549	0.009915	-0.002746	0.006665	0.005823	0.614268	0.004994	-0.026469	-0.003497	0.003920	0.002039	0.002506	-0.031476	-0.007897	-0.002408	-0.005626	-0.007675	0.006989	-0.005088	-0.006100	-0.011001	0.006037	0.011291	0.006948	-0.011578	-0.000126	0.004973	0.005646	0.007411	-0.022542	-0.021476	-0.021547	-0.018647	-0.018662	-0.013430	-0.018129	-0.016477	-0.019754	-0.010427	-0.023874	-0.014912	-0.008697	-0.020050	-0.021383	-0.019985	-0.015389	-0.007543	-0.030840	-0.015562	-0.020599	-0.017011	-0.016660	-0.018669	0.008221	0.011038	0.005664	0.010171	0.003239	0.004454	0.002258	0.003374	0.004992	0.039480	0.008701	0.004962	0.009189	0.003735	0.005691	0.011355	0.012051	0.006033	-0.024483	0.006961	-0.006778	0.011167	-0.014172	0.000371	
0.030827	0.004706	0.015701	0.011703	0.003193	0.002218	-0.007217	-0.006765	-0.013662	-0.005575	-0.002720	0.017037	0.007600	0.005227	-0.002153	0.002122	-0.003231	0.000900	-0.006127	0.008115	0.004812	-0.021830	0.005785	0.011703	0.010810	0.003209	0.000139	-0.008348	0.000003	0.005511	-0.003294	0.003714	0.000645	0.007535	0.004994	0.539999	-0.005223	-0.008974	0.007803	-0.013476	0.025515	-0.008874	0.041971	0.017074	0.014263	-0.006913	-0.010018	0.022805	-0.007508	-0.012409	0.001238	0.002965	0.001742	-0.009459	0.005655	-0.015832	0.000305	0.009802	-0.013640	0.001805	-0.018479	-0.023175	-0.022375	-0.014024	-0.013704	-0.020462	-0.010310	-0.009121	-0.018228	-0.014963	-0.020142	-0.017253	-0.018450	-0.020307	-0.020053	-0.007866	-0.011223	-0.012358	-0.019022	-0.018011	-0.024850	-0.017907	0.004507	-0.002036	0.018228	0.009306	0.013362	-0.022049	-0.018683	-0.000340	0.006705	0.009994	-0.013054	0.000841	-0.013380	-0.007033	-0.010502	-0.002125	0.001555	-0.013416	-0.011105	-0.009504	0.015417	0.007182	-0.011646	0.022160	
-0.005655	-0.019975	-0.012777	-0.014741	0.023819	-0.013509	0.173474	0.168636	-0.022336	-0.024151	-0.014107	-0.004116	-0.014231	-0.020946	-0.014490	-0.006009	-0.016652	-0.016591	-0.013309	-0.013581	-0.011729	-0.025892	-0.002347	-0.014469	-0.008716	-0.012655	-0.013554	-0.012139	-0.021558	-0.016321	-0.011696	-0.015540	-0.015625	-0.009277	-0.026469	-0.005223	0.736991	-0.032298	-0.016471	-0.031781	-0.002828	0.172224	-0.002243	-0.013303	-0.013131	-0.029830	-0.027102	-0.001062	-0.029068	-0.022982	0.008977	-0.017374	-0.024566	0.170418	-0.018347	-0.035765	-0.008098	-0.012980	-0.004544	0.003169	-0.010061	-0.004177	-0.001206	-0.010489	-0.007321	-0.004177	-0.006776	-0.005994	-0.006419	-0.015227	-0.012538	-0.001645	-0.006641	-0.003615	-0.018146	-0.011792	-0.012300	-0.017233	-0.003958	-0.003082	-0.024843	-0.012337	-0.023700	-0.013965	-0.004146	-0.014018	-0.010233	-0.029231	-0.027221	-0.011049	-0.021367	-0.013195	-0.037734	-0.019363	-0.031142	-0.015571	-0.032605	-0.005102	-0.012680	-0.038503	0.169179	-0.029708	-0.009399	-0.010309	0.161720	0.004262	
-0.005472	0.000013	-0.001878	-0.009267	-0.029036	-0.017803	-0.025475	-0.032484	0.043501	0.072749	-0.023013	-0.015464	-0.010657	-0.016286	-0.017155	-0.008946	0.002250	-0.006234	-0.015296	-0.000240	-0.003272	0.038724	-0.012880	-0.004520	-0.002700	-0.008538	0.008197	0.004729	0.000194	-0.003794	-0.001475	-0.005591	-0.010287	-0.006653	-0.003497	-0.008974	-0.032298	0.611299	0.007586	0.044229	-0.015938	-0.016958	-0.012912	-0.004982	-0.016203	0.044011	0.035886	-0.008611	0.043551	0.106610	0.002378	0.005055	-0.013396	-0.026632	-0.006769	0.078363	-0.004388	-0.006421	-0.015891	-0.024185	-0.027919	-0.025562	-0.029238	-0.024414	-0.030741	-0.019593	-0.024227	-0.032940	-0.015595	-0.024675	-0.024564	-0.025336	-0.031011	-0.033274	-0.028272	-0.035483	-0.017407	-0.015965	-0.037823	-0.020398	-0.034291	-0.027347	-0.005611	0.000190	-0.011424	-0.012749	-0.000419	0.067127	0.055707	-0.006932	-0.019285	-0.004466	0.044787	0.003202	0.085834	-0.004536	0.055342	-0.005597	0.003102	0.036829	-0.030583	0.055527	-0.016541	0.009136	-0.033702	-0.010070	
-0.000767	0.012314	0.004182	0.005882	-0.018228	-0.000348	-0.016294	-0.018827	0.014700	0.017903	-0.001352	0.002263	0.010461	0.008901	-0.001871	-0.006005	0.014551	0.003489	0.007449	0.007855	-0.001145	0.018062	0.012443	0.001270	0.000377	-0.000985	0.000828	0.002244	0.004762	0.004980	-0.004367	0.011186	0.007168	0.001307	0.003920	0.007803	-0.016471	0.007586	0.522411	0.017599	0.009384	-0.021478	0.007935	0.014915	-0.003089	0.006799	0.014138	0.002605	0.012851	0.008086	0.011694	-0.000821	-0.005300	-0.014602	0.002954	0.015243	0.006285	0.011170	-0.024480	-0.020023	-0.016975	-0.035508	-0.023720	-0.029069	-0.017355	-0.024656	-0.018573	-0.022810	-0.020929	-0.018343	-0.015112	-0.025244	-0.020202	-0.024094	-0.031707	-0.011924	-0.024505	-0.027810	-0.023352	-0.029801	-0.021990	-0.024406	0.002349	0.013304	0.000741	0.002807	-0.004804	0.008483	0.011035	0.010795	-0.002101	0.012718	0.010832	0.002345	0.011726	0.001660	0.007551	0.000871	0.004687	0.011962	-0.015977	0.020486	-0.007903	0.008279	-0.017332	-0.006722	
