0.878122	0.033041	-0.069185	-0.106873	-0.071248	-0.081837	-0.102595	-0.107901	-0.059183	-0.084803	-0.101574	-0.082781	-0.060011	-0.002061	-0.077673	-0.101644	0.048010	0.007077	0.022188	0.017288	0.044374	
0.033041	0.923392	-0.091106	-0.095449	-0.080551	-0.096383	-0.122397	-0.106959	-0.083169	-0.107828	-0.095622	-0.068317	-0.073383	-0.025507	-0.081903	-0.109551	0.042386	-0.016018	0.004144	-0.010740	0.193506	
-0.069185	-0.091106	1.018202	-0.098771	-0.008992	0.098011	-0.099117	-0.084886	-0.001279	-0.086118	-0.081447	0.024317	-0.020247	-0.088912	-0.038244	-0.090800	-0.079842	-0.089736	-0.059553	-0.060381	-0.074265	
-0.106873	-0.095449	-0.098771	1.121868	-0.099745	-0.103698	0.092013	0.042093	-0.079435	0.018736	0.038410	-0.087458	-0.081842	-0.081620	-0.100803	0.082801	-0.101430	-0.088399	-0.094288	-0.092680	-0.114942	
-0.071248	-0.080551	-0.008992	-0.099745	0.962520	-0.013292	-0.095186	-0.091893	-0.015364	-0.087407	-0.084344	0.032307	-0.015985	-0.071359	0.100875	-0.102087	-0.087879	-0.070594	-0.061379	-0.047460	-0.074677	
-0.081837	-0.096383	0.098011	-0.103698	-0.013292	1.049841	-0.092216	-0.088410	-0.010008	-0.071589	-0.086870	-0.005513	-0.025029	-0.078800	-0.024839	-0.089678	-0.075912	-0.082410	-0.062789	-0.049339	-0.090795	
-0.102595	-0.122397	-0.099117	0.092013	-0.095186	-0.092216	1.129061	0.046935	-0.077838	0.053936	0.012829	-0.090738	-0.073315	-0.085477	-0.090824	0.075367	-0.104073	-0.092833	-0.098416	-0.108993	-0.119456	
-0.107901	-0.106959	-0.084886	0.042093	-0.091893	-0.088410	0.046935	1.134427	-0.062915	0.007310	0.061479	-0.097842	-0.076205	-0.089710	-0.077451	0.052996	-0.105578	-0.090819	-0.099747	-0.097444	-0.103472	
-0.059183	-0.083169	-0.001279	-0.079435	-0.015364	-0.010008	-0.077838	-0.062915	0.999932	-0.071747	-0.085968	-0.014414	-0.051030	-0.048210	-0.030626	-0.093827	-0.058246	-0.052658	-0.046567	-0.059320	-0.069755	
-0.084803	-0.107828	-0.086118	0.018736	-0.087407	-0.071589	0.053936	0.007310	-0.071747	1.109414	0.038304	-0.073942	-0.070637	-0.086036	-0.071095	0.040792	-0.099316	-0.101604	-0.105524	-0.087881	-0.104880	
-0.101574	-0.095622	-0.081447	0.038410	-0.084344	-0.086870	0.012829	0.061479	-0.085968	0.038304	1.111212	-0.089677	-0.063640	-0.098204	-0.063131	0.030601	-0.098714	-0.097122	-0.104167	-0.090529	-0.095104	
-0.082781	-0.068317	0.024317	-0.087458	0.032307	-0.005513	-0.090738	-0.097842	-0.014414	-0.073942	-0.089677	0.968614	0.007405	-0.069164	0.003523	-0.093553	-0.078350	-0.064939	-0.066790	-0.064398	-0.067427	
-0.060011	-0.073383	-0.020247	-0.081842	-0.015985	-0.025029	-0.073315	-0.076205	-0.051030	-0.070637	-0.063640	0.007405	1.063933	-0.069392	-0.026977	-0.087475	-0.071138	-0.069947	-0.075657	-0.062177	-0.073477	
-0.002061	-0.025507	-0.088912	-0.081620	-0.071359	-0.078800	-0.085477	-0.089710	-0.048210	-0.086036	-0.098204	-0.069164	-0.069392	0.966956	-0.066891	-0.094192	0.002633	0.061637	-0.020145	-0.009370	-0.011219	
-0.077673	-0.081903	-0.038244	-0.100803	0.100875	-0.024839	-0.090824	-0.077451	-0.030626	-0.071095	-0.063131	0.003523	-0.026977	-0.066891	0.990513	-0.087386	-0.073189	-0.067944	-0.067063	-0.062550	-0.066933	
-0.101644	-0.109551	-0.090800	0.082801	-0.102087	-0.089678	0.075367	0.052996	-0.093827	0.040792	0.030601	-0.093553	-0.087475	-0.094192	-0.087386	1.117502	-0.097649	-0.082713	-0.099014	-0.094589	-0.107136	
0.048010	0.042386	-0.079842	-0.101430	-0.087879	-0.075912	-0.104073	-0.105578	-0.058246	-0.099316	-0.098714	-0.078350	-0.071138	0.002633	-0.073189	-0.097649	0.933279	0.016473	-0.010142	-0.006837	0.042500	
0.007077	-0.016018	-0.089736	-0.088399	-0.070594	-0.082410	-0.092833	-0.090819	-0.052658	-0.101604	-0.097122	-0.064939	-0.069947	0.061637	-0.067944	-0.082713	0.016473	0.937213	-0.001616	-0.014172	-0.003495	
0.022188	0.004144	-0.059553	-0.094288	-0.061379	-0.062789	-0.098416	-0.099747	-0.046567	-0.105524	-0.104167	-0.066790	-0.075657	-0.020145	-0.067063	-0.099014	-0.010142	-0.001616	0.910629	0.050802	0.021240	
0.017288	-0.010740	-0.060381	-0.092680	-0.047460	-0.049339	-0.108993	-0.097444	-0.059320	-0.087881	-0.090529	-0.064398	-0.062177	-0.009370	-0.062550	-0.094589	-0.006837	-0.014172	0.050802	0.881860	0.005447	
0.044374	0.193506	-0.074265	-0.114942	-0.074677	-0.090795	-0.119456	-0.103472	-0.069755	-0.104880	-0.095104	-0.067427	-0.073477	-0.011219	-0.066933	-0.107136	0.042500	-0.003495	0.021240	0.005447	0.828815	
