1.069669	-0.054053	-0.053606	-0.056542	-0.040822	-0.027702	-0.071525	-0.065507	-0.075663	-0.059176	-0.074329	-0.072843	-0.044503	-0.052119	-0.055189	-0.037651	-0.048979	-0.050038	-0.042990	-0.053136	-0.059894	0.079189	-0.053625	0.059148	0.026358	-0.053042	0.061764	-0.029428	-0.048528	0.036268	-0.044081	-0.051162	-0.052134	
-0.054053	0.939383	-0.023559	-0.035454	-0.033133	-0.009203	-0.045006	-0.031889	-0.038869	-0.026522	-0.044434	-0.039792	-0.039514	-0.012584	-0.035954	-0.040619	-0.035226	-0.021144	-0.037833	-0.017390	-0.017528	-0.041070	-0.024697	-0.028069	-0.038801	-0.032919	-0.043255	-0.024813	-0.031229	-0.044144	-0.050218	-0.021059	-0.020746	
-0.053606	-0.023559	0.906773	0.079403	-0.017748	-0.034343	-0.028960	-0.045303	-0.050565	-0.033051	-0.049891	-0.053302	-0.040938	-0.038499	-0.028977	-0.019207	-0.025604	-0.033081	-0.039408	-0.029889	-0.044511	-0.059033	-0.036789	-0.047379	-0.046777	-0.008639	-0.040355	-0.034318	-0.020841	-0.041437	-0.036103	-0.021088	-0.035068	
-0.056542	-0.035454	0.079403	0.892180	-0.031414	-0.038985	-0.043219	-0.045975	-0.051289	-0.021675	-0.048896	-0.058140	-0.005043	-0.042090	-0.023991	-0.033915	-0.041432	-0.033669	-0.028819	-0.029124	-0.033387	-0.061517	-0.025854	-0.042808	-0.042906	-0.011462	-0.055072	-0.044976	-0.022066	-0.044858	-0.018737	-0.019091	-0.027762	
-0.040822	-0.033133	-0.017748	-0.031414	0.993952	-0.020281	-0.016300	-0.025938	-0.030155	-0.048212	-0.044920	-0.014529	-0.019724	-0.019762	-0.037034	-0.028284	-0.023665	-0.042867	-0.032849	-0.023393	-0.035926	-0.046744	-0.020266	-0.060117	-0.045708	-0.039945	-0.051155	-0.020170	-0.054799	-0.051585	-0.026389	-0.038008	-0.030670	
-0.027702	-0.009203	-0.034343	-0.038985	-0.020281	0.996862	-0.040413	-0.056101	-0.029988	-0.033094	-0.031655	-0.038404	-0.028476	-0.036497	-0.038975	-0.030341	-0.022171	-0.034622	-0.042251	-0.033924	-0.034159	-0.030968	-0.036450	-0.022212	-0.042342	-0.012300	-0.037633	-0.035556	-0.052111	-0.046252	-0.035426	-0.035833	-0.011970	
-0.071525	-0.045006	-0.028960	-0.043219	-0.016300	-0.040413	1.127151	-0.017947	-0.029583	-0.019768	-0.010296	-0.004246	-0.031774	-0.027870	-0.018819	-0.043773	-0.044444	-0.049397	-0.039865	-0.040197	-0.026512	-0.068187	-0.044925	-0.056139	-0.064021	-0.050671	-0.066811	-0.050598	-0.025757	-0.065466	-0.032948	-0.047802	-0.057008	
-0.065507	-0.031889	-0.045303	-0.045975	-0.025938	-0.056101	-0.017947	1.123661	-0.006200	-0.018247	-0.008552	-0.040867	-0.056207	-0.043948	-0.026158	-0.029229	-0.043707	-0.023115	-0.033209	-0.028291	-0.020187	-0.062251	-0.042330	-0.071316	-0.065041	-0.040795	-0.074954	-0.051540	-0.030896	-0.056350	-0.041844	-0.038186	-0.045728	
-0.075663	-0.038869	-0.050565	-0.051289	-0.030155	-0.029988	-0.029583	-0.006200	1.198712	-0.017862	0.019429	-0.015223	-0.053807	-0.047632	-0.041261	-0.032107	-0.047988	-0.040357	-0.030659	-0.055214	-0.030962	-0.069923	-0.043135	-0.076693	-0.065010	-0.047391	-0.073575	-0.041383	-0.042820	-0.073660	-0.025958	-0.052858	-0.030829	
-0.059176	-0.026522	-0.033051	-0.021675	-0.048212	-0.033094	-0.019768	-0.018247	-0.017862	1.124477	-0.025424	-0.014958	-0.027068	-0.035962	-0.037637	-0.046231	-0.033561	-0.034449	-0.042198	-0.055939	-0.040841	-0.049695	-0.033436	-0.068749	-0.065453	-0.055944	-0.050271	-0.035973	-0.039904	-0.062773	-0.046896	-0.045792	-0.036770	
-0.074329	-0.044434	-0.049891	-0.048896	-0.044920	-0.031655	-0.010296	-0.008552	0.019429	-0.025424	1.185889	-0.026826	-0.046308	-0.041668	-0.054200	-0.045243	-0.040515	-0.040706	-0.007809	-0.048089	-0.042465	-0.065872	-0.049221	-0.061421	-0.060955	-0.038083	-0.068597	-0.049836	-0.037281	-0.072935	-0.037197	-0.047926	-0.038746	
-0.072843	-0.039792	-0.053302	-0.058140	-0.014529	-0.038404	-0.004246	-0.040867	-0.015223	-0.014958	-0.026826	1.186676	-0.055112	-0.056603	-0.036599	-0.048133	-0.036112	-0.032479	-0.033201	-0.047087	-0.023884	-0.059921	-0.042941	-0.058680	-0.053799	-0.033470	-0.065220	-0.048965	-0.023591	-0.067769	-0.028557	-0.041475	-0.041389	
-0.044503	-0.039514	-0.040938	-0.005043	-0.019724	-0.028476	-0.031774	-0.056207	-0.053807	-0.027068	-0.046308	-0.055112	0.975470	-0.004689	-0.025915	-0.014062	-0.010561	-0.020908	-0.034908	-0.007998	-0.031408	-0.047560	-0.033407	-0.057772	-0.051343	-0.022872	-0.042846	-0.031980	-0.038944	-0.040273	-0.039219	-0.026731	-0.031077	
-0.052119	-0.012584	-0.038499	-0.042090	-0.019762	-0.036497	-0.027870	-0.043948	-0.047632	-0.035962	-0.041668	-0.056603	-0.004689	0.963240	-0.021046	-0.011601	-0.027109	-0.029100	-0.042982	-0.013406	-0.024861	-0.019780	-0.006161	-0.061588	-0.046868	-0.028844	-0.043194	-0.029456	-0.041475	-0.041306	-0.031593	-0.027905	-0.038906	
-0.055189	-0.035954	-0.028977	-0.023991	-0.037034	-0.038975	-0.018819	-0.026158	-0.041261	-0.037637	-0.054200	-0.036599	-0.025915	-0.021046	0.967875	-0.032902	-0.021100	-0.027378	-0.022252	-0.017165	-0.034149	-0.067080	-0.028333	-0.042741	-0.041858	-0.021405	-0.050311	-0.027282	-0.043714	-0.044085	-0.031199	-0.020836	-0.033674	
-0.037651	-0.040619	-0.019207	-0.033915	-0.028284	-0.030341	-0.043773	-0.029229	-0.032107	-0.046231	-0.045243	-0.048133	-0.014062	-0.011601	-0.032902	0.961750	0.012589	-0.019234	-0.020724	-0.043294	-0.022682	-0.064293	-0.032395	-0.053930	-0.029848	-0.039557	-0.054770	-0.036787	-0.013965	-0.041715	-0.029694	-0.036910	-0.038582	
-0.048979	-0.035226	-0.025604	-0.041432	-0.023665	-0.022171	-0.044444	-0.043707	-0.047988	-0.033561	-0.040515	-0.036112	-0.010561	-0.027109	-0.021100	0.012589	0.976687	-0.000517	-0.022609	-0.029174	-0.035165	-0.053102	-0.026432	-0.049774	-0.041636	-0.021062	-0.047060	-0.033027	-0.025354	-0.049821	-0.034258	-0.044961	-0.046959	
-0.050038	-0.021144	-0.033081	-0.033669	-0.042867	-0.034622	-0.049397	-0.023115	-0.040357	-0.034449	-0.040706	-0.032479	-0.020908	-0.029100	-0.027378	-0.019234	-0.000517	0.944933	-0.044973	-0.038257	-0.027079	-0.036793	-0.027575	-0.056894	-0.040840	-0.029033	-0.049471	-0.028245	-0.024144	-0.045000	-0.032472	-0.011274	-0.024705	
-0.042990	-0.037833	-0.039408	-0.028819	-0.032849	-0.042251	-0.039865	-0.033209	-0.030659	-0.042198	-0.007809	-0.033201	-0.034908	-0.042982	-0.022252	-0.020724	-0.022609	-0.044973	0.980283	-0.017687	-0.020185	-0.046734	-0.036896	-0.040503	-0.041200	-0.016577	-0.038812	-0.035153	-0.031677	-0.047927	-0.030696	-0.032035	-0.036426	
-0.053136	-0.017390	-0.029889	-0.029124	-0.023393	-0.033924	-0.040197	-0.028291	-0.055214	-0.055939	-0.048089	-0.047087	-0.007998	-0.013406	-0.017165	-0.043294	-0.029174	-0.038257	-0.017687	0.931757	-0.013174	-0.042003	-0.008486	-0.048786	-0.043044	-0.015251	-0.053060	-0.014664	-0.032228	-0.052527	-0.028022	-0.027720	-0.026703	
-0.059894	-0.017528	-0.044511	-0.033387	-0.035926	-0.034159	-0.026512	-0.020187	-0.030962	-0.040841	-0.042465	-0.023884	-0.031408	-0.024861	-0.034149	-0.022682	-0.035165	-0.027079	-0.020185	-0.013174	0.971493	-0.058409	-0.008199	-0.063802	-0.049993	-0.029570	-0.059038	-0.021212	-0.011302	-0.051832	-0.021401	-0.032441	-0.029573	
0.079189	-0.041070	-0.059033	-0.061517	-0.046744	-0.030968	-0.068187	-0.062251	-0.069923	-0.049695	-0.065872	-0.059921	-0.047560	-0.019780	-0.067080	-0.064293	-0.053102	-0.036793	-0.046734	-0.042003	-0.058409	1.062979	-0.050735	0.033548	0.038719	-0.058925	0.046192	-0.034502	-0.054256	0.038395	-0.058065	-0.049101	-0.046013	
-0.053625	-0.024697	-0.036789	-0.025854	-0.020266	-0.036450	-0.044925	-0.042330	-0.043135	-0.033436	-0.049221	-0.042941	-0.033407	-0.006161	-0.028333	-0.032395	-0.026432	-0.027575	-0.036896	-0.008486	-0.008199	-0.050735	0.898320	-0.038683	-0.040399	-0.038558	-0.037147	-0.014025	-0.026607	-0.035047	-0.005580	-0.040040	-0.034714	
0.059148	-0.028069	-0.047379	-0.042808	-0.060117	-0.022212	-0.056139	-0.071316	-0.076693	-0.068749	-0.061421	-0.058680	-0.057772	-0.061588	-0.042741	-0.053930	-0.049774	-0.056894	-0.040503	-0.048786	-0.063802	0.033548	-0.038683	0.988240	0.018187	-0.041982	0.045387	-0.030474	-0.048376	0.087962	-0.052383	-0.046418	-0.058657	
0.026358	-0.038801	-0.046777	-0.042906	-0.045708	-0.042342	-0.064021	-0.065041	-0.065010	-0.065453	-0.060955	-0.053799	-0.051343	-0.046868	-0.041858	-0.029848	-0.041636	-0.040840	-0.041200	-0.043044	-0.049993	0.038719	-0.040399	0.018187	0.994987	-0.039933	0.040260	-0.027842	-0.042007	0.017881	-0.040316	-0.046667	-0.050304	
-0.053042	-0.032919	-0.008639	-0.011462	-0.039945	-0.012300	-0.050671	-0.040795	-0.047391	-0.055944	-0.038083	-0.033470	-0.022872	-0.028844	-0.021405	-0.039557	-0.021062	-0.029033	-0.016577	-0.015251	-0.029570	-0.058925	-0.038558	-0.041982	-0.039933	0.887532	-0.046192	-0.038830	-0.006859	-0.033839	-0.019316	-0.000542	-0.018010	
0.061764	-0.043255	-0.040355	-0.055072	-0.051155	-0.037633	-0.066811	-0.074954	-0.073575	-0.050271	-0.068597	-0.065220	-0.042846	-0.043194	-0.050311	-0.054770	-0.047060	-0.049471	-0.038812	-0.053060	-0.059038	0.046192	-0.037147	0.045387	0.040260	-0.046192	1.027987	-0.033359	-0.055831	0.042405	-0.054452	-0.045432	-0.042004	
-0.029428	-0.024813	-0.034318	-0.044976	-0.020170	-0.035556	-0.050598	-0.051540	-0.041383	-0.035973	-0.049836	-0.048965	-0.031980	-0.029456	-0.027282	-0.036787	-0.033027	-0.028245	-0.035153	-0.014664	-0.021212	-0.034502	-0.014025	-0.030474	-0.027842	-0.038830	-0.033359	0.947578	-0.023977	-0.043886	-0.028485	-0.029757	-0.037381	
-0.048528	-0.031229	-0.020841	-0.022066	-0.054799	-0.052111	-0.025757	-0.030896	-0.042820	-0.039904	-0.037281	-0.023591	-0.038944	-0.041475	-0.043714	-0.013965	-0.025354	-0.024144	-0.031677	-0.032228	-0.011302	-0.054256	-0.026607	-0.048376	-0.042007	-0.006859	-0.055831	-0.023977	0.976235	-0.047800	-0.013652	-0.014639	-0.034965	
0.036268	-0.044144	-0.041437	-0.044858	-0.051585	-0.046252	-0.065466	-0.056350	-0.073660	-0.062773	-0.072935	-0.067769	-0.040273	-0.041306	-0.044085	-0.041715	-0.049821	-0.045000	-0.047927	-0.052527	-0.051832	0.038395	-0.035047	0.087962	0.017881	-0.033839	0.042405	-0.043886	-0.047800	0.969234	-0.047478	-0.040899	-0.057057	
-0.044081	-0.050218	-0.036103	-0.018737	-0.026389	-0.035426	-0.032948	-0.041844	-0.025958	-0.046896	-0.037197	-0.028557	-0.039219	-0.031593	-0.031199	-0.029694	-0.034258	-0.032472	-0.030696	-0.028022	-0.021401	-0.058065	-0.005580	-0.052383	-0.040316	-0.019316	-0.054452	-0.028485	-0.013652	-0.047478	0.943725	-0.023340	-0.008786	
-0.051162	-0.021059	-0.021088	-0.019091	-0.038008	-0.035833	-0.047802	-0.038186	-0.052858	-0.045792	-0.047926	-0.041475	-0.026731	-0.027905	-0.020836	-0.036910	-0.044961	-0.011274	-0.032035	-0.027720	-0.032441	-0.049101	-0.040040	-0.046418	-0.046667	-0.000542	-0.045432	-0.029757	-0.014639	-0.040899	-0.023340	0.910358	0.068562	
-0.052134	-0.020746	-0.035068	-0.027762	-0.030670	-0.011970	-0.057008	-0.045728	-0.030829	-0.036770	-0.038746	-0.041389	-0.031077	-0.038906	-0.033674	-0.038582	-0.046959	-0.024705	-0.036426	-0.026703	-0.029573	-0.046013	-0.034714	-0.058657	-0.050304	-0.018010	-0.042004	-0.037381	-0.034965	-0.057057	-0.008786	0.068562	0.981376	
