1.028800	0.023680	-0.050464	-0.054639	-0.038154	-0.061380	-0.077604	-0.079944	-0.055396	-0.069973	-0.061164	-0.041332	-0.053696	-0.041199	-0.054895	-0.044668	-0.056912	-0.070918	-0.063242	-0.070499	-0.031093	-0.090027	-0.068407	0.007052	0.065434	
0.023680	1.012735	-0.084605	-0.059813	-0.079545	-0.068575	-0.056138	-0.072177	-0.060802	-0.055892	-0.045739	-0.048840	-0.057541	-0.045743	-0.082898	-0.060568	-0.063287	-0.069870	-0.082598	-0.071111	-0.046912	-0.073423	-0.082199	0.094278	0.084095	
-0.050464	-0.084605	1.056911	-0.009997	0.098988	-0.097896	-0.089601	-0.066389	-0.088574	-0.080797	-0.096236	-0.058506	-0.100120	-0.083333	-0.075401	-0.057987	-0.086546	0.026638	0.004958	0.023208	-0.029570	0.024711	0.053484	-0.115513	-0.084438	
-0.054639	-0.059813	-0.009997	1.012765	-0.047653	-0.058657	-0.064535	-0.063660	-0.060779	-0.066730	-0.059134	-0.060621	-0.047723	-0.060990	-0.060783	-0.074330	-0.071073	-0.037483	0.006175	-0.031741	-0.047356	-0.007338	-0.030665	-0.025786	-0.045082	
-0.038154	-0.079545	0.098988	-0.047653	1.038939	-0.087550	-0.090438	-0.105464	-0.081953	-0.073772	-0.089693	-0.055670	-0.093868	-0.067118	-0.070239	-0.049406	-0.096954	0.020815	0.034842	-0.012162	-0.041076	0.030527	0.023827	-0.078700	-0.063662	
-0.061380	-0.068575	-0.097896	-0.058657	-0.087550	0.995695	0.042566	0.080674	-0.046208	-0.051020	-0.040851	-0.028191	-0.042406	-0.060476	0.046092	-0.033042	-0.019851	-0.089701	-0.083167	-0.086753	-0.074956	-0.099684	-0.081963	-0.062185	-0.075497	
-0.077604	-0.056138	-0.089601	-0.064535	-0.090438	0.042566	0.986880	0.072584	-0.058626	-0.056947	-0.044500	-0.033995	-0.020298	-0.046695	0.031524	-0.038948	-0.010214	-0.090696	-0.087088	-0.096175	-0.078033	-0.078907	-0.095678	-0.076545	-0.055810	
-0.079944	-0.072177	-0.066389	-0.063660	-0.105464	0.080674	0.072584	0.974422	-0.065457	-0.056459	-0.052593	-0.050026	-0.039379	-0.040961	0.057218	-0.051679	-0.006096	-0.087876	-0.085927	-0.091748	-0.061369	-0.084699	-0.096983	-0.056699	-0.067632	
-0.055396	-0.060802	-0.088574	-0.060779	-0.081953	-0.046208	-0.058626	-0.065457	1.123111	-0.016372	0.001768	0.054981	-0.050874	-0.020386	-0.053258	-0.058374	-0.034117	-0.100431	-0.093779	-0.100087	-0.061502	-0.116500	-0.097886	-0.056375	-0.058528	
-0.069973	-0.055892	-0.080797	-0.066730	-0.073772	-0.051020	-0.056947	-0.056459	-0.016372	1.121844	-0.023247	-0.044963	-0.036511	-0.038549	-0.048547	-0.045200	-0.040786	-0.081765	-0.076053	-0.078874	-0.061790	-0.095913	-0.081098	-0.051551	-0.066108	
-0.061164	-0.045739	-0.096236	-0.059134	-0.089693	-0.040851	-0.044500	-0.052593	0.001768	-0.023247	0.936263	-0.006380	-0.022972	-0.017549	-0.049547	0.022595	-0.034489	-0.075314	-0.071475	-0.082855	-0.040959	-0.075438	-0.075100	-0.049790	-0.072042	
-0.041332	-0.048840	-0.058506	-0.060621	-0.055670	-0.028191	-0.033995	-0.050026	0.054981	-0.044963	-0.006380	1.060491	-0.057707	-0.026334	-0.035715	0.016102	-0.051863	-0.108579	-0.101318	-0.115560	-0.013553	-0.093837	-0.103192	-0.076534	-0.073178	
-0.053696	-0.057541	-0.100120	-0.047723	-0.093868	-0.042406	-0.020298	-0.039379	-0.050874	-0.036511	-0.022972	-0.057707	0.953837	-0.017018	-0.014729	-0.008071	-0.020879	-0.072946	-0.064612	-0.072241	-0.051824	-0.077393	-0.068952	-0.050640	-0.060825	
-0.041199	-0.045743	-0.083333	-0.060990	-0.067118	-0.060476	-0.046695	-0.040961	-0.020386	-0.038549	-0.017549	-0.026334	-0.017018	0.942336	-0.048025	-0.030237	-0.018457	-0.062739	-0.077382	-0.072235	-0.037918	-0.076971	-0.073317	-0.054821	-0.042518	
-0.054895	-0.082898	-0.075401	-0.060783	-0.070239	0.046092	0.031524	0.057218	-0.053258	-0.048547	-0.049547	-0.035715	-0.014729	-0.048025	0.950290	-0.027078	-0.009814	-0.077627	-0.093118	-0.087438	-0.051364	-0.098854	-0.076057	-0.076511	-0.069663	
-0.044668	-0.060568	-0.057987	-0.074330	-0.049406	-0.033042	-0.038948	-0.051679	-0.058374	-0.045200	0.022595	0.016102	-0.008071	-0.030237	-0.027078	0.993577	-0.023265	-0.081622	-0.089280	-0.083170	-0.047899	-0.081033	-0.073978	-0.058803	-0.065060	
-0.056912	-0.063287	-0.086546	-0.071073	-0.096954	-0.019851	-0.010214	-0.006096	-0.034117	-0.040786	-0.034489	-0.051863	-0.020879	-0.018457	-0.009814	-0.023265	0.990082	-0.084589	-0.073519	-0.077934	-0.026799	-0.080402	-0.072615	-0.059597	-0.043525	
-0.070918	-0.069870	0.026638	-0.037483	0.020815	-0.089701	-0.090696	-0.087876	-0.100431	-0.081765	-0.075314	-0.108579	-0.072946	-0.062739	-0.077627	-0.081622	-0.084589	0.907070	0.072320	0.091352	-0.061522	0.064368	0.075322	-0.063054	-0.074664	
-0.063242	-0.082598	0.004958	0.006175	0.034842	-0.083167	-0.087088	-0.085927	-0.093779	-0.076053	-0.071475	-0.101318	-0.064612	-0.077382	-0.093118	-0.089280	-0.073519	0.072320	0.943699	0.056452	-0.049916	0.084734	0.001700	-0.060906	-0.073079	
-0.070499	-0.071111	0.023208	-0.031741	-0.012162	-0.086753	-0.096175	-0.091748	-0.100087	-0.078874	-0.082855	-0.115560	-0.072241	-0.072235	-0.087438	-0.083170	-0.077934	0.091352	0.056452	0.989881	-0.049630	0.069050	0.066853	-0.063556	-0.073764	
-0.031093	-0.046912	-0.029570	-0.047356	-0.041076	-0.074956	-0.078033	-0.061369	-0.061502	-0.061790	-0.040959	-0.013553	-0.051824	-0.037918	-0.051364	-0.047899	-0.026799	-0.061522	-0.049916	-0.049630	1.040421	-0.056109	-0.032367	-0.051270	-0.054447	
-0.090027	-0.073423	0.024711	-0.007338	0.030527	-0.099684	-0.078907	-0.084699	-0.116500	-0.095913	-0.075438	-0.093837	-0.077393	-0.076971	-0.098854	-0.081033	-0.080402	0.064368	0.084734	0.069050	-0.056109	0.978742	0.053564	-0.068009	-0.055253	
-0.068407	-0.082199	0.053484	-0.030665	0.023827	-0.081963	-0.095678	-0.096983	-0.097886	-0.081098	-0.075100	-0.103192	-0.068952	-0.073317	-0.076057	-0.073978	-0.072615	0.075322	0.001700	0.066853	-0.032367	0.053564	0.975670	-0.064615	-0.062309	
0.007052	0.094278	-0.115513	-0.025786	-0.078700	-0.062185	-0.076545	-0.056699	-0.056375	-0.051551	-0.049790	-0.076534	-0.050640	-0.054821	-0.076511	-0.058803	-0.059597	-0.063054	-0.060906	-0.063556	-0.051270	-0.068009	-0.064615	1.022044	0.052235	
0.065434	0.084095	-0.084438	-0.045082	-0.063662	-0.075497	-0.055810	-0.067632	-0.058528	-0.066108	-0.072042	-0.073178	-0.060825	-0.042518	-0.069663	-0.065060	-0.043525	-0.074664	-0.073079	-0.073764	-0.054447	-0.055253	-0.062309	0.052235	1.020411	
